DIDE_CODE,vaccine_type,vaccine_scenario,clin_cases_averted,sev_cases_averted,deaths_averted,num_vacc_doses,ISO
100035,3_dose,reduced_coverage,1884,105,18,64019,AGO
100035,4_dose,reduced_coverage_lower,2140,121,21,80999,AGO
100035,4_dose,reduced_coverage,2211,122,21,80999,AGO
100035,4_dose,reduced_coverage_upper,2492,138,24,80999,AGO
100035,3_dose,full_coverage,3575,199,34,64019,AGO
100035,4_dose,full_coverage,4651,257,44,80999,AGO
100036,3_dose,reduced_coverage,3087,212,36,312790,AGO
100036,4_dose,reduced_coverage_lower,4342,292,50,396732,AGO
100036,4_dose,reduced_coverage,4082,280,48,396732,AGO
100036,4_dose,reduced_coverage_upper,4978,343,58,396732,AGO
100036,3_dose,full_coverage,6238,430,73,312790,AGO
100036,4_dose,full_coverage,7621,527,90,396732,AGO
100037,3_dose,reduced_coverage,12957,512,87,206046,AGO
100037,4_dose,reduced_coverage_lower,16796,682,116,260932,AGO
100037,4_dose,reduced_coverage,17814,674,115,260932,AGO
100037,4_dose,reduced_coverage_upper,17517,689,118,260932,AGO
100037,3_dose,full_coverage,26872,1059,181,206046,AGO
100037,4_dose,full_coverage,36484,1400,239,260932,AGO
100038,3_dose,reduced_coverage,3517,168,29,79941,AGO
100038,4_dose,reduced_coverage_lower,4191,199,34,100791,AGO
100038,4_dose,reduced_coverage,4466,210,36,100791,AGO
100038,4_dose,reduced_coverage_upper,4609,214,36,100791,AGO
100038,3_dose,full_coverage,6683,322,55,79941,AGO
100038,4_dose,full_coverage,9002,428,73,100791,AGO
100039,3_dose,reduced_coverage,5504,215,37,72521,AGO
100039,4_dose,reduced_coverage_lower,6381,246,42,90771,AGO
100039,4_dose,reduced_coverage,6435,242,41,90771,AGO
100039,4_dose,reduced_coverage_upper,7157,273,47,90771,AGO
100039,3_dose,full_coverage,9361,365,62,72521,AGO
100039,4_dose,full_coverage,12837,493,84,90771,AGO
100040,3_dose,reduced_coverage,4536,173,30,69114,AGO
100040,4_dose,reduced_coverage_lower,5665,211,36,87025,AGO
100040,4_dose,reduced_coverage,5863,214,37,87025,AGO
100040,4_dose,reduced_coverage_upper,5960,223,38,87025,AGO
100040,3_dose,full_coverage,9328,350,60,69114,AGO
100040,4_dose,full_coverage,12260,456,78,87025,AGO
100041,3_dose,reduced_coverage,13597,561,96,238514,AGO
100041,4_dose,reduced_coverage_lower,16931,691,118,303728,AGO
100041,4_dose,reduced_coverage,17945,719,123,303728,AGO
100041,4_dose,reduced_coverage_upper,17897,714,122,303728,AGO
100041,3_dose,full_coverage,27390,1103,188,238514,AGO
100041,4_dose,full_coverage,35861,1440,246,303728,AGO
100042,3_dose,reduced_coverage,2785,161,27,116391,AGO
100042,4_dose,reduced_coverage_lower,3290,194,33,147266,AGO
100042,4_dose,reduced_coverage,3265,191,33,147266,AGO
100042,4_dose,reduced_coverage_upper,3561,207,35,147266,AGO
100042,3_dose,full_coverage,5151,300,51,116391,AGO
100042,4_dose,full_coverage,6458,379,65,147266,AGO
100043,3_dose,reduced_coverage,2772,200,34,294119,AGO
100043,4_dose,reduced_coverage_lower,3273,236,40,373915,AGO
100043,4_dose,reduced_coverage,3474,251,43,373915,AGO
100043,4_dose,reduced_coverage_upper,3325,242,41,373915,AGO
100043,3_dose,full_coverage,5140,372,63,294119,AGO
100043,4_dose,full_coverage,6843,488,83,373915,AGO
100044,3_dose,reduced_coverage,3646,258,44,380718,AGO
100044,4_dose,reduced_coverage_lower,4305,298,51,478284,AGO
100044,4_dose,reduced_coverage,4820,343,58,478284,AGO
100044,4_dose,reduced_coverage_upper,5050,353,60,478284,AGO
100044,3_dose,full_coverage,6919,481,82,380718,AGO
100044,4_dose,full_coverage,9312,659,112,478284,AGO
100045,3_dose,reduced_coverage,9757,689,117,913043,AGO
100045,4_dose,reduced_coverage_lower,12740,900,153,1153097,AGO
100045,4_dose,reduced_coverage,11348,804,137,1153097,AGO
100045,4_dose,reduced_coverage_upper,12420,869,148,1153097,AGO
100045,3_dose,full_coverage,16467,1164,198,913043,AGO
100045,4_dose,full_coverage,22094,1596,272,1153097,AGO
100046,3_dose,reduced_coverage,5072,241,41,139289,AGO
100046,4_dose,reduced_coverage_lower,5981,280,48,176577,AGO
100046,4_dose,reduced_coverage,7036,332,57,176577,AGO
100046,4_dose,reduced_coverage_upper,6733,325,55,176577,AGO
100046,3_dose,full_coverage,10312,509,87,139289,AGO
100046,4_dose,full_coverage,13681,677,115,176577,AGO
100047,3_dose,reduced_coverage,1886,108,18,68595,AGO
100047,4_dose,reduced_coverage_lower,2090,114,19,87296,AGO
100047,4_dose,reduced_coverage,2311,129,22,87296,AGO
100047,4_dose,reduced_coverage_upper,2486,138,23,87296,AGO
100047,3_dose,full_coverage,3676,204,35,68595,AGO
100047,4_dose,full_coverage,4864,269,46,87296,AGO
100048,3_dose,reduced_coverage,5754,269,46,136763,AGO
100048,4_dose,reduced_coverage_lower,6660,323,55,172443,AGO
100048,4_dose,reduced_coverage,7791,368,63,172443,AGO
100048,4_dose,reduced_coverage_upper,8018,371,63,172443,AGO
100048,3_dose,full_coverage,11817,544,93,136763,AGO
100048,4_dose,full_coverage,15751,726,124,172443,AGO
100049,3_dose,reduced_coverage,7285,280,48,101986,AGO
100049,4_dose,reduced_coverage_lower,8378,330,56,128890,AGO
100049,4_dose,reduced_coverage,8306,331,56,128890,AGO
100049,4_dose,reduced_coverage_upper,9837,378,64,128890,AGO
100049,3_dose,full_coverage,13262,528,90,101986,AGO
100049,4_dose,full_coverage,17951,710,121,128890,AGO
100050,3_dose,reduced_coverage,404,31,5,58992,AGO
100050,4_dose,reduced_coverage_lower,495,38,6,74568,AGO
100050,4_dose,reduced_coverage,590,45,8,74568,AGO
100050,4_dose,reduced_coverage_upper,505,39,7,74568,AGO
100050,3_dose,full_coverage,660,52,9,58992,AGO
100050,4_dose,full_coverage,871,68,12,74568,AGO
100051,3_dose,reduced_coverage,7777,381,65,201495,AGO
100051,4_dose,reduced_coverage_lower,8850,429,73,253366,AGO
100051,4_dose,reduced_coverage,9545,447,76,253366,AGO
100051,4_dose,reduced_coverage_upper,10230,502,86,253366,AGO
100051,3_dose,full_coverage,15365,749,128,201495,AGO
100051,4_dose,full_coverage,20522,985,168,253366,AGO
100052,3_dose,reduced_coverage,2335,117,20,71529,AGO
100052,4_dose,reduced_coverage_lower,3098,158,27,90322,AGO
100052,4_dose,reduced_coverage,3647,175,30,90322,AGO
100052,4_dose,reduced_coverage_upper,3372,169,29,90322,AGO
100052,3_dose,full_coverage,4935,242,41,71529,AGO
100052,4_dose,full_coverage,6888,340,58,90322,AGO
100176,3_dose,reduced_coverage,1957,126,20,65046,BDI
100176,4_dose,reduced_coverage_lower,2436,156,25,83129,BDI
100176,4_dose,reduced_coverage,2664,172,27,83129,BDI
100176,4_dose,reduced_coverage_upper,2729,177,28,83129,BDI
100176,3_dose,full_coverage,2172,141,22,65046,BDI
100176,4_dose,full_coverage,2919,187,30,83129,BDI
100177,3_dose,reduced_coverage,1004,76,12,102812,BDI
100177,4_dose,reduced_coverage_lower,1297,97,15,130133,BDI
100177,4_dose,reduced_coverage,1517,112,18,130133,BDI
100177,4_dose,reduced_coverage_upper,1365,102,16,130133,BDI
100177,3_dose,full_coverage,1318,100,16,102812,BDI
100177,4_dose,full_coverage,1652,126,20,130133,BDI
100178,3_dose,reduced_coverage,1199,87,14,91819,BDI
100178,4_dose,reduced_coverage_lower,1512,110,17,115882,BDI
100178,4_dose,reduced_coverage,1739,127,20,115882,BDI
100178,4_dose,reduced_coverage_upper,1641,122,19,115882,BDI
100178,3_dose,full_coverage,1391,102,16,91819,BDI
100178,4_dose,full_coverage,1768,130,21,115882,BDI
100179,3_dose,reduced_coverage,1039,75,12,62304,BDI
100179,4_dose,reduced_coverage_lower,1204,83,13,78994,BDI
100179,4_dose,reduced_coverage,1304,93,15,78994,BDI
100179,4_dose,reduced_coverage_upper,1455,102,16,78994,BDI
100179,3_dose,full_coverage,1189,85,14,62304,BDI
100179,4_dose,full_coverage,1642,117,19,78994,BDI
100180,3_dose,reduced_coverage,5937,215,34,44074,BDI
100180,4_dose,reduced_coverage_lower,6578,246,39,56233,BDI
100180,4_dose,reduced_coverage,7154,269,43,56233,BDI
100180,4_dose,reduced_coverage_upper,7320,270,43,56233,BDI
100180,3_dose,full_coverage,6325,242,38,44074,BDI
100180,4_dose,full_coverage,8266,306,49,56233,BDI
100181,3_dose,reduced_coverage,5006,267,42,89591,BDI
100181,4_dose,reduced_coverage_lower,6330,332,53,112998,BDI
100181,4_dose,reduced_coverage,6120,322,51,112998,BDI
100181,4_dose,reduced_coverage_upper,6631,349,55,112998,BDI
100181,3_dose,full_coverage,5323,283,45,89591,BDI
100181,4_dose,full_coverage,7029,375,60,112998,BDI
100182,3_dose,reduced_coverage,6773,347,55,123144,BDI
100182,4_dose,reduced_coverage_lower,8258,432,69,155856,BDI
100182,4_dose,reduced_coverage,8181,430,68,155856,BDI
100182,4_dose,reduced_coverage_upper,8480,453,72,155856,BDI
100182,3_dose,full_coverage,7210,387,61,123144,BDI
100182,4_dose,full_coverage,9324,495,79,155856,BDI
100183,3_dose,reduced_coverage,7796,325,52,80875,BDI
100183,4_dose,reduced_coverage_lower,9038,391,62,101293,BDI
100183,4_dose,reduced_coverage,9404,401,64,101293,BDI
100183,4_dose,reduced_coverage_upper,10227,429,68,101293,BDI
100183,3_dose,full_coverage,8231,346,55,80875,BDI
100183,4_dose,full_coverage,10917,464,74,101293,BDI
100184,3_dose,reduced_coverage,5196,299,47,109299,BDI
100184,4_dose,reduced_coverage_lower,5914,339,54,138018,BDI
100184,4_dose,reduced_coverage,6139,352,56,138018,BDI
100184,4_dose,reduced_coverage_upper,6359,362,58,138018,BDI
100184,3_dose,full_coverage,5574,320,51,109299,BDI
100184,4_dose,full_coverage,7343,419,66,138018,BDI
100185,3_dose,reduced_coverage,16289,627,100,122890,BDI
100185,4_dose,reduced_coverage_lower,18664,692,110,155342,BDI
100185,4_dose,reduced_coverage,21458,789,125,155342,BDI
100185,4_dose,reduced_coverage_upper,21605,812,129,155342,BDI
100185,3_dose,full_coverage,18201,685,109,122890,BDI
100185,4_dose,full_coverage,23140,861,137,155342,BDI
100186,3_dose,reduced_coverage,2409,151,24,67476,BDI
100186,4_dose,reduced_coverage_lower,2853,177,28,84991,BDI
100186,4_dose,reduced_coverage,3056,189,30,84991,BDI
100186,4_dose,reduced_coverage_upper,3135,194,31,84991,BDI
100186,3_dose,full_coverage,2562,157,25,67476,BDI
100186,4_dose,full_coverage,3485,213,34,84991,BDI
100187,3_dose,reduced_coverage,970,66,11,40109,BDI
100187,4_dose,reduced_coverage_lower,1092,73,12,51495,BDI
100187,4_dose,reduced_coverage,1197,80,13,51495,BDI
100187,4_dose,reduced_coverage_upper,1233,83,13,51495,BDI
100187,3_dose,full_coverage,1105,75,12,40109,BDI
100187,4_dose,full_coverage,1349,90,14,51495,BDI
100188,3_dose,reduced_coverage,15547,620,99,127457,BDI
100188,4_dose,reduced_coverage_lower,16641,650,103,162775,BDI
100188,4_dose,reduced_coverage,19369,746,119,162775,BDI
100188,4_dose,reduced_coverage_upper,19424,766,122,162775,BDI
100188,3_dose,full_coverage,17089,679,108,127457,BDI
100188,4_dose,full_coverage,21197,837,133,162775,BDI
100189,3_dose,reduced_coverage,729,46,7,21319,BDI
100189,4_dose,reduced_coverage_lower,913,57,9,27054,BDI
100189,4_dose,reduced_coverage,944,59,9,27054,BDI
100189,4_dose,reduced_coverage_upper,994,62,10,27054,BDI
100189,3_dose,full_coverage,826,53,8,21319,BDI
100189,4_dose,full_coverage,1071,67,11,27054,BDI
100190,3_dose,reduced_coverage,11724,534,85,128603,BDI
100190,4_dose,reduced_coverage_lower,14275,647,103,163402,BDI
100190,4_dose,reduced_coverage,14854,678,108,163402,BDI
100190,4_dose,reduced_coverage_upper,15349,690,110,163402,BDI
100190,3_dose,full_coverage,12294,573,91,128603,BDI
100190,4_dose,full_coverage,16207,745,118,163402,BDI
100191,3_dose,reduced_coverage,3470,180,29,62155,BDI
100191,4_dose,reduced_coverage_lower,4541,226,36,79032,BDI
100191,4_dose,reduced_coverage,4465,227,36,79032,BDI
100191,4_dose,reduced_coverage_upper,5037,256,41,79032,BDI
100191,3_dose,full_coverage,4420,220,35,62155,BDI
100191,4_dose,full_coverage,5559,281,45,79032,BDI
100192,3_dose,reduced_coverage,7425,310,49,82189,BDI
100192,4_dose,reduced_coverage_lower,9795,407,65,104710,BDI
100192,4_dose,reduced_coverage,9621,400,64,104710,BDI
100192,4_dose,reduced_coverage_upper,10618,445,71,104710,BDI
100192,3_dose,full_coverage,8935,360,57,82189,BDI
100192,4_dose,full_coverage,11197,468,74,104710,BDI
100196,3_dose,reduced_coverage,17568,490,88,99243,BEN
100196,4_dose,reduced_coverage_lower,21587,597,108,126718,BEN
100196,4_dose,reduced_coverage,22895,647,117,126718,BEN
100196,4_dose,reduced_coverage_upper,23906,651,117,126718,BEN
100196,3_dose,full_coverage,22216,636,115,99243,BEN
100196,4_dose,full_coverage,29068,804,145,126718,BEN
100197,3_dose,reduced_coverage,17422,535,96,101914,BEN
100197,4_dose,reduced_coverage_lower,19660,609,110,129139,BEN
100197,4_dose,reduced_coverage,20814,630,114,129139,BEN
100197,4_dose,reduced_coverage_upper,22682,683,123,129139,BEN
100197,3_dose,full_coverage,21286,661,119,101914,BEN
100197,4_dose,full_coverage,27958,844,152,129139,BEN
100198,3_dose,reduced_coverage,33924,1068,192,214909,BEN
100198,4_dose,reduced_coverage_lower,39743,1237,223,274017,BEN
100198,4_dose,reduced_coverage,43575,1362,246,274017,BEN
100198,4_dose,reduced_coverage_upper,44527,1380,249,274017,BEN
100198,3_dose,full_coverage,39962,1244,224,214909,BEN
100198,4_dose,full_coverage,52876,1656,299,274017,BEN
100199,3_dose,reduced_coverage,23234,750,135,139037,BEN
100199,4_dose,reduced_coverage_lower,27055,830,150,177648,BEN
100199,4_dose,reduced_coverage,30255,911,164,177648,BEN
100199,4_dose,reduced_coverage_upper,31074,913,165,177648,BEN
100199,3_dose,full_coverage,30126,915,165,139037,BEN
100199,4_dose,full_coverage,37129,1123,202,177648,BEN
100200,3_dose,reduced_coverage,18861,562,101,102101,BEN
100200,4_dose,reduced_coverage_lower,21217,619,112,130154,BEN
100200,4_dose,reduced_coverage,22144,644,116,130154,BEN
100200,4_dose,reduced_coverage_upper,23797,680,123,130154,BEN
100200,3_dose,full_coverage,22327,667,120,102101,BEN
100200,4_dose,full_coverage,28511,832,150,130154,BEN
100201,3_dose,reduced_coverage,14222,328,59,65522,BEN
100201,4_dose,reduced_coverage_lower,16101,374,67,83016,BEN
100201,4_dose,reduced_coverage,19129,440,79,83016,BEN
100201,4_dose,reduced_coverage_upper,18909,441,80,83016,BEN
100201,3_dose,full_coverage,17205,404,73,65522,BEN
100201,4_dose,full_coverage,22997,538,97,83016,BEN
100202,3_dose,reduced_coverage,23230,532,96,103813,BEN
100202,4_dose,reduced_coverage_lower,29808,712,128,131877,BEN
100202,4_dose,reduced_coverage,30648,717,129,131877,BEN
100202,4_dose,reduced_coverage_upper,33306,768,139,131877,BEN
100202,3_dose,full_coverage,29654,693,125,103813,BEN
100202,4_dose,full_coverage,40209,931,168,131877,BEN
100203,3_dose,reduced_coverage,1591,82,15,29034,BEN
100203,4_dose,reduced_coverage_lower,1898,98,18,36867,BEN
100203,4_dose,reduced_coverage,2005,107,19,36867,BEN
100203,4_dose,reduced_coverage_upper,2020,106,19,36867,BEN
100203,3_dose,full_coverage,1900,100,18,29034,BEN
100203,4_dose,full_coverage,2521,129,23,36867,BEN
100204,3_dose,reduced_coverage,15197,351,63,63305,BEN
100204,4_dose,reduced_coverage_lower,18885,420,76,80349,BEN
100204,4_dose,reduced_coverage,19415,431,78,80349,BEN
100204,4_dose,reduced_coverage_upper,20929,463,84,80349,BEN
100204,3_dose,full_coverage,18996,441,79,63305,BEN
100204,4_dose,full_coverage,24729,558,101,80349,BEN
100205,3_dose,reduced_coverage,12890,511,92,134062,BEN
100205,4_dose,reduced_coverage_lower,15767,627,113,169618,BEN
100205,4_dose,reduced_coverage,16024,635,115,169618,BEN
100205,4_dose,reduced_coverage_upper,17431,690,124,169618,BEN
100205,3_dose,full_coverage,15547,609,110,134062,BEN
100205,4_dose,full_coverage,20634,822,148,169618,BEN
100206,3_dose,reduced_coverage,9536,345,62,77919,BEN
100206,4_dose,reduced_coverage_lower,11370,411,74,98615,BEN
100206,4_dose,reduced_coverage,12317,443,80,98615,BEN
100206,4_dose,reduced_coverage_upper,12147,432,78,98615,BEN
100206,3_dose,full_coverage,11626,422,76,77919,BEN
100206,4_dose,full_coverage,15108,541,97,98615,BEN
100207,3_dose,reduced_coverage,17326,572,103,111080,BEN
100207,4_dose,reduced_coverage_lower,19613,610,110,140858,BEN
100207,4_dose,reduced_coverage,21270,677,122,140858,BEN
100207,4_dose,reduced_coverage_upper,22676,712,128,140858,BEN
100207,3_dose,full_coverage,20831,640,115,111080,BEN
100207,4_dose,full_coverage,27400,858,155,140858,BEN
100211,3_dose,reduced_coverage,82406,1514,251,251869,BFA
100211,4_dose,reduced_coverage_lower,96063,1777,294,322056,BFA
100211,4_dose,reduced_coverage,97733,1758,291,322056,BFA
100211,4_dose,reduced_coverage_upper,103290,1849,306,322056,BFA
100211,3_dose,full_coverage,89884,1680,278,251869,BFA
100211,4_dose,full_coverage,117372,2073,343,322056,BFA
100212,3_dose,reduced_coverage,21195,472,78,94538,BFA
100212,4_dose,reduced_coverage_lower,25849,570,94,119443,BFA
100212,4_dose,reduced_coverage,28061,614,102,119443,BFA
100212,4_dose,reduced_coverage_upper,28815,650,108,119443,BFA
100212,3_dose,full_coverage,23868,547,91,94538,BFA
100212,4_dose,full_coverage,32800,725,120,119443,BFA
100213,3_dose,reduced_coverage,18555,944,156,321776,BFA
100213,4_dose,reduced_coverage_lower,22162,1114,184,406879,BFA
100213,4_dose,reduced_coverage,22419,1143,189,406879,BFA
100213,4_dose,reduced_coverage_upper,23890,1211,200,406879,BFA
100213,3_dose,full_coverage,21257,1088,180,321776,BFA
100213,4_dose,full_coverage,27739,1406,233,406879,BFA
100214,3_dose,reduced_coverage,43996,1030,170,197357,BFA
100214,4_dose,reduced_coverage_lower,53438,1262,209,250197,BFA
100214,4_dose,reduced_coverage,57781,1405,232,250197,BFA
100214,4_dose,reduced_coverage_upper,61203,1434,237,250197,BFA
100214,3_dose,full_coverage,50606,1209,200,197357,BFA
100214,4_dose,full_coverage,66944,1613,267,250197,BFA
100215,3_dose,reduced_coverage,51874,1204,199,203820,BFA
100215,4_dose,reduced_coverage_lower,59748,1389,230,258776,BFA
100215,4_dose,reduced_coverage,63896,1398,231,258776,BFA
100215,4_dose,reduced_coverage_upper,62877,1477,244,258776,BFA
100215,3_dose,full_coverage,56997,1337,221,203820,BFA
100215,4_dose,full_coverage,73856,1680,278,258776,BFA
100216,3_dose,reduced_coverage,48645,1217,201,202849,BFA
100216,4_dose,reduced_coverage_lower,57735,1419,235,258082,BFA
100216,4_dose,reduced_coverage,61214,1469,243,258082,BFA
100216,4_dose,reduced_coverage_upper,66097,1628,270,258082,BFA
100216,3_dose,full_coverage,55016,1409,233,202849,BFA
100216,4_dose,full_coverage,71038,1717,284,258082,BFA
100217,3_dose,reduced_coverage,19205,549,91,113029,BFA
100217,4_dose,reduced_coverage_lower,23993,696,115,142836,BFA
100217,4_dose,reduced_coverage,24955,707,117,142836,BFA
100217,4_dose,reduced_coverage_upper,27000,781,129,142836,BFA
100217,3_dose,full_coverage,21062,608,101,113029,BFA
100217,4_dose,full_coverage,28531,829,137,142836,BFA
100218,3_dose,reduced_coverage,61580,1311,217,209192,BFA
100218,4_dose,reduced_coverage_lower,74286,1524,252,264663,BFA
100218,4_dose,reduced_coverage,81431,1580,261,264663,BFA
100218,4_dose,reduced_coverage_upper,81550,1621,268,264663,BFA
100218,3_dose,full_coverage,68598,1401,232,209192,BFA
100218,4_dose,full_coverage,90473,1780,295,264663,BFA
100219,3_dose,reduced_coverage,56602,1539,255,258695,BFA
100219,4_dose,reduced_coverage_lower,65913,1747,289,328738,BFA
100219,4_dose,reduced_coverage,71722,1910,316,328738,BFA
100219,4_dose,reduced_coverage_upper,73675,1969,326,328738,BFA
100219,3_dose,full_coverage,62381,1671,277,258695,BFA
100219,4_dose,full_coverage,82167,2202,365,328738,BFA
100220,3_dose,reduced_coverage,51739,1308,216,206271,BFA
100220,4_dose,reduced_coverage_lower,60873,1458,241,261080,BFA
100220,4_dose,reduced_coverage,66635,1560,258,261080,BFA
100220,4_dose,reduced_coverage_upper,68218,1547,256,261080,BFA
100220,3_dose,full_coverage,59267,1423,236,206271,BFA
100220,4_dose,full_coverage,78131,1833,303,261080,BFA
100221,3_dose,reduced_coverage,22076,651,108,119427,BFA
100221,4_dose,reduced_coverage_lower,25041,726,120,151759,BFA
100221,4_dose,reduced_coverage,26657,760,126,151759,BFA
100221,4_dose,reduced_coverage_upper,27927,807,134,151759,BFA
100221,3_dose,full_coverage,24395,725,120,119427,BFA
100221,4_dose,full_coverage,31238,917,152,151759,BFA
100222,3_dose,reduced_coverage,54977,1171,194,167924,BFA
100222,4_dose,reduced_coverage_lower,64452,1358,225,213238,BFA
100222,4_dose,reduced_coverage,66810,1426,236,213238,BFA
100222,4_dose,reduced_coverage_upper,68620,1432,237,213238,BFA
100222,3_dose,full_coverage,58998,1233,204,167924,BFA
100222,4_dose,full_coverage,76226,1560,258,213238,BFA
100223,3_dose,reduced_coverage,42039,715,118,105864,BFA
100223,4_dose,reduced_coverage_lower,47487,763,126,133759,BFA
100223,4_dose,reduced_coverage,49334,800,132,133759,BFA
100223,4_dose,reduced_coverage_upper,54746,878,145,133759,BFA
100223,3_dose,full_coverage,43062,717,119,105864,BFA
100223,4_dose,full_coverage,58718,956,158,133759,BFA
100409,3_dose,reduced_coverage,341,12,2,5407,CAF
100409,4_dose,reduced_coverage_lower,429,15,2,6790,CAF
100409,4_dose,reduced_coverage,489,17,3,6790,CAF
100409,4_dose,reduced_coverage_upper,466,16,3,6790,CAF
100409,3_dose,full_coverage,731,26,4,5407,CAF
100409,4_dose,full_coverage,1032,38,6,6790,CAF
100410,3_dose,reduced_coverage,2635,82,14,26275,CAF
100410,4_dose,reduced_coverage_lower,2305,75,13,33588,CAF
100410,4_dose,reduced_coverage,2573,84,14,33588,CAF
100410,4_dose,reduced_coverage_upper,2847,91,15,33588,CAF
100410,3_dose,full_coverage,4339,147,25,26275,CAF
100410,4_dose,full_coverage,6029,195,33,33588,CAF
100411,3_dose,reduced_coverage,4177,93,16,31052,CAF
100411,4_dose,reduced_coverage_lower,4571,102,17,39437,CAF
100411,4_dose,reduced_coverage,4949,111,19,39437,CAF
100411,4_dose,reduced_coverage_upper,6001,131,22,39437,CAF
100411,3_dose,full_coverage,9115,206,35,31052,CAF
100411,4_dose,full_coverage,12624,269,45,39437,CAF
100412,3_dose,reduced_coverage,1113,22,4,6753,CAF
100412,4_dose,reduced_coverage_lower,1023,19,3,8577,CAF
100412,4_dose,reduced_coverage,1176,22,4,8577,CAF
100412,4_dose,reduced_coverage_upper,1406,29,5,8577,CAF
100412,3_dose,full_coverage,2219,47,8,6753,CAF
100412,4_dose,full_coverage,2780,57,10,8577,CAF
100413,3_dose,reduced_coverage,856,29,5,10891,CAF
100413,4_dose,reduced_coverage_lower,1023,33,6,13836,CAF
100413,4_dose,reduced_coverage,1142,37,6,13836,CAF
100413,4_dose,reduced_coverage_upper,1299,42,7,13836,CAF
100413,3_dose,full_coverage,1967,64,11,10891,CAF
100413,4_dose,full_coverage,2264,74,12,13836,CAF
100414,3_dose,reduced_coverage,1809,46,8,14969,CAF
100414,4_dose,reduced_coverage_lower,2287,58,10,19002,CAF
100414,4_dose,reduced_coverage,2431,58,10,19002,CAF
100414,4_dose,reduced_coverage_upper,2613,61,10,19002,CAF
100414,3_dose,full_coverage,4225,104,17,14969,CAF
100414,4_dose,full_coverage,5514,134,22,19002,CAF
100415,3_dose,reduced_coverage,3688,91,15,30691,CAF
100415,4_dose,reduced_coverage_lower,4475,113,19,39069,CAF
100415,4_dose,reduced_coverage,4746,120,20,39069,CAF
100415,4_dose,reduced_coverage_upper,5073,132,22,39069,CAF
100415,3_dose,full_coverage,7873,208,35,30691,CAF
100415,4_dose,full_coverage,10159,269,45,39069,CAF
100416,3_dose,reduced_coverage,2988,98,16,45809,CAF
100416,4_dose,reduced_coverage_lower,3866,125,21,57982,CAF
100416,4_dose,reduced_coverage,4277,144,24,57982,CAF
100416,4_dose,reduced_coverage_upper,4666,149,25,57982,CAF
100416,3_dose,full_coverage,7044,241,40,45809,CAF
100416,4_dose,full_coverage,9624,323,54,57982,CAF
100417,3_dose,reduced_coverage,3626,72,12,20355,CAF
100417,4_dose,reduced_coverage_lower,4298,67,11,25871,CAF
100417,4_dose,reduced_coverage,4473,77,13,25871,CAF
100417,4_dose,reduced_coverage_upper,4501,80,13,25871,CAF
100417,3_dose,full_coverage,7489,132,22,20355,CAF
100417,4_dose,full_coverage,10309,177,30,25871,CAF
100418,3_dose,reduced_coverage,1282,41,7,14582,CAF
100418,4_dose,reduced_coverage_lower,1565,46,8,18457,CAF
100418,4_dose,reduced_coverage,1429,42,7,18457,CAF
100418,4_dose,reduced_coverage_upper,1828,53,9,18457,CAF
100418,3_dose,full_coverage,2833,86,14,14582,CAF
100418,4_dose,full_coverage,3849,115,19,18457,CAF
100419,3_dose,reduced_coverage,1744,71,12,29285,CAF
100419,4_dose,reduced_coverage_lower,2213,83,14,37301,CAF
100419,4_dose,reduced_coverage,2357,89,15,37301,CAF
100419,4_dose,reduced_coverage_upper,2455,94,16,37301,CAF
100419,3_dose,full_coverage,3742,146,24,29285,CAF
100419,4_dose,full_coverage,4968,189,32,37301,CAF
100420,3_dose,reduced_coverage,9733,241,40,93769,CAF
100420,4_dose,reduced_coverage_lower,12650,297,50,118911,CAF
100420,4_dose,reduced_coverage,13214,302,51,118911,CAF
100420,4_dose,reduced_coverage_upper,14795,352,59,118911,CAF
100420,3_dose,full_coverage,24397,595,100,93769,CAF
100420,4_dose,full_coverage,32524,794,133,118911,CAF
100421,3_dose,reduced_coverage,3522,85,14,34666,CAF
100421,4_dose,reduced_coverage_lower,5073,130,22,43948,CAF
100421,4_dose,reduced_coverage,5389,141,24,43948,CAF
100421,4_dose,reduced_coverage_upper,5606,143,24,43948,CAF
100421,3_dose,full_coverage,8815,224,38,34666,CAF
100421,4_dose,full_coverage,11194,293,49,43948,CAF
100422,3_dose,reduced_coverage,3335,121,20,46417,CAF
100422,4_dose,reduced_coverage_lower,4097,140,24,58529,CAF
100422,4_dose,reduced_coverage,3993,138,23,58529,CAF
100422,4_dose,reduced_coverage_upper,4367,153,26,58529,CAF
100422,3_dose,full_coverage,7592,262,44,46417,CAF
100422,4_dose,full_coverage,10718,359,60,58529,CAF
100423,3_dose,reduced_coverage,3151,122,20,53760,CAF
100423,4_dose,reduced_coverage_lower,4096,161,27,68638,CAF
100423,4_dose,reduced_coverage,3893,152,26,68638,CAF
100423,4_dose,reduced_coverage_upper,4335,170,29,68638,CAF
100423,3_dose,full_coverage,6868,274,46,53760,CAF
100423,4_dose,full_coverage,8962,347,58,68638,CAF
100424,3_dose,reduced_coverage,1145,37,6,12748,CAF
100424,4_dose,reduced_coverage_lower,1447,45,8,16082,CAF
100424,4_dose,reduced_coverage,1673,52,9,16082,CAF
100424,4_dose,reduced_coverage_upper,1647,52,9,16082,CAF
100424,3_dose,full_coverage,2796,84,14,12748,CAF
100424,4_dose,full_coverage,3802,112,19,16082,CAF
100425,3_dose,reduced_coverage,268,12,2,6539,CAF
100425,4_dose,reduced_coverage_lower,316,14,2,8338,CAF
100425,4_dose,reduced_coverage,312,15,2,8338,CAF
100425,4_dose,reduced_coverage_upper,369,16,3,8338,CAF
100425,3_dose,full_coverage,545,25,4,6539,CAF
100425,4_dose,full_coverage,721,33,5,8338,CAF
100512,3_dose,reduced_coverage,30795,1532,282,574074,CIV
100512,4_dose,reduced_coverage_lower,40342,1955,360,731590,CIV
100512,4_dose,reduced_coverage,40216,1945,358,731590,CIV
100512,4_dose,reduced_coverage_upper,44732,2275,419,731590,CIV
100512,3_dose,full_coverage,39521,2002,369,574074,CIV
100512,4_dose,full_coverage,52074,2579,475,731590,CIV
100513,3_dose,reduced_coverage,7440,291,54,77946,CIV
100513,4_dose,reduced_coverage_lower,8580,340,63,98869,CIV
100513,4_dose,reduced_coverage,9164,359,66,98869,CIV
100513,4_dose,reduced_coverage_upper,9863,398,73,98869,CIV
100513,3_dose,full_coverage,8562,342,63,77946,CIV
100513,4_dose,full_coverage,11719,465,86,98869,CIV
100514,3_dose,reduced_coverage,35057,853,157,171203,CIV
100514,4_dose,reduced_coverage_lower,42586,1048,193,219212,CIV
100514,4_dose,reduced_coverage,45862,1122,207,219212,CIV
100514,4_dose,reduced_coverage_upper,48475,1194,220,219212,CIV
100514,3_dose,full_coverage,41858,1052,194,171203,CIV
100514,4_dose,full_coverage,57352,1417,261,219212,CIV
100515,3_dose,reduced_coverage,9038,250,46,40877,CIV
100515,4_dose,reduced_coverage_lower,10386,284,52,51752,CIV
100515,4_dose,reduced_coverage,10632,281,52,51752,CIV
100515,4_dose,reduced_coverage_upper,11789,321,59,51752,CIV
100515,3_dose,full_coverage,10130,269,50,40877,CIV
100515,4_dose,full_coverage,13851,361,66,51752,CIV
100516,3_dose,reduced_coverage,9045,514,95,211794,CIV
100516,4_dose,reduced_coverage_lower,11165,622,115,268911,CIV
100516,4_dose,reduced_coverage,12123,675,124,268911,CIV
100516,4_dose,reduced_coverage_upper,12337,688,127,268911,CIV
100516,3_dose,full_coverage,10515,588,108,211794,CIV
100516,4_dose,full_coverage,14323,796,147,268911,CIV
100517,3_dose,reduced_coverage,16232,696,128,177360,CIV
100517,4_dose,reduced_coverage_lower,18819,799,147,224551,CIV
100517,4_dose,reduced_coverage,21146,893,164,224551,CIV
100517,4_dose,reduced_coverage_upper,20830,885,163,224551,CIV
100517,3_dose,full_coverage,19260,810,149,177360,CIV
100517,4_dose,full_coverage,26669,1145,211,224551,CIV
100518,3_dose,reduced_coverage,31671,1019,188,211155,CIV
100518,4_dose,reduced_coverage_lower,39324,1250,230,266595,CIV
100518,4_dose,reduced_coverage,40373,1302,240,266595,CIV
100518,4_dose,reduced_coverage_upper,44071,1399,258,266595,CIV
100518,3_dose,full_coverage,37287,1212,223,211155,CIV
100518,4_dose,full_coverage,50828,1621,299,266595,CIV
100519,3_dose,reduced_coverage,53563,1227,226,232844,CIV
100519,4_dose,reduced_coverage_lower,62458,1420,262,297520,CIV
100519,4_dose,reduced_coverage,66689,1514,279,297520,CIV
100519,4_dose,reduced_coverage_upper,72430,1664,307,297520,CIV
100519,3_dose,full_coverage,66268,1490,274,232844,CIV
100519,4_dose,full_coverage,83029,1839,339,297520,CIV
100520,3_dose,reduced_coverage,42404,1312,242,274282,CIV
100520,4_dose,reduced_coverage_lower,50358,1580,291,348323,CIV
100520,4_dose,reduced_coverage,52753,1656,305,348323,CIV
100520,4_dose,reduced_coverage_upper,56956,1770,326,348323,CIV
100520,3_dose,full_coverage,51912,1613,297,274282,CIV
100520,4_dose,full_coverage,66111,2064,380,348323,CIV
100521,3_dose,reduced_coverage,21533,785,145,181031,CIV
100521,4_dose,reduced_coverage_lower,25274,902,166,229910,CIV
100521,4_dose,reduced_coverage,27345,996,184,229910,CIV
100521,4_dose,reduced_coverage_upper,29473,1074,198,229910,CIV
100521,3_dose,full_coverage,26591,976,180,181031,CIV
100521,4_dose,full_coverage,33970,1233,227,229910,CIV
100522,3_dose,reduced_coverage,33259,996,183,202412,CIV
100522,4_dose,reduced_coverage_lower,39389,1186,219,259959,CIV
100522,4_dose,reduced_coverage,41456,1246,230,259959,CIV
100522,4_dose,reduced_coverage_upper,44351,1296,239,259959,CIV
100522,3_dose,full_coverage,39710,1171,216,202412,CIV
100522,4_dose,full_coverage,52854,1552,286,259959,CIV
100523,3_dose,reduced_coverage,23912,429,79,85257,CIV
100523,4_dose,reduced_coverage_lower,29834,523,96,109063,CIV
100523,4_dose,reduced_coverage,31955,557,103,109063,CIV
100523,4_dose,reduced_coverage_upper,34027,604,111,109063,CIV
100523,3_dose,full_coverage,30205,588,108,85257,CIV
100523,4_dose,full_coverage,39273,726,134,109063,CIV
100524,3_dose,reduced_coverage,3178,155,29,47474,CIV
100524,4_dose,reduced_coverage_lower,3944,192,35,60314,CIV
100524,4_dose,reduced_coverage,3921,192,35,60314,CIV
100524,4_dose,reduced_coverage_upper,3958,195,36,60314,CIV
100524,3_dose,full_coverage,3736,184,34,47474,CIV
100524,4_dose,full_coverage,4939,243,45,60314,CIV
100525,3_dose,reduced_coverage,28944,680,125,122931,CIV
100525,4_dose,reduced_coverage_lower,36285,836,154,156951,CIV
100525,4_dose,reduced_coverage,40775,884,163,156951,CIV
100525,4_dose,reduced_coverage_upper,44037,961,177,156951,CIV
100525,3_dose,full_coverage,38055,834,154,122931,CIV
100525,4_dose,full_coverage,49024,1061,196,156951,CIV
100526,3_dose,reduced_coverage,14465,575,110,128488,CMR
100526,4_dose,reduced_coverage_lower,17328,683,130,163973,CMR
100526,4_dose,reduced_coverage,18199,717,137,163973,CMR
100526,4_dose,reduced_coverage_upper,18695,747,142,163973,CMR
100526,3_dose,full_coverage,16632,669,128,128488,CMR
100526,4_dose,full_coverage,20903,838,160,163973,CMR
100527,3_dose,reduced_coverage,62227,2256,430,452369,CMR
100527,4_dose,reduced_coverage_lower,70470,2514,479,571471,CMR
100527,4_dose,reduced_coverage,75480,2677,510,571471,CMR
100527,4_dose,reduced_coverage_upper,77382,2693,513,571471,CMR
100527,3_dose,full_coverage,70097,2509,478,452369,CMR
100527,4_dose,full_coverage,89167,3167,604,571471,CMR
100528,3_dose,reduced_coverage,19399,648,124,129934,CMR
100528,4_dose,reduced_coverage_lower,22212,732,140,167231,CMR
100528,4_dose,reduced_coverage,22954,753,144,167231,CMR
100528,4_dose,reduced_coverage_upper,25540,826,157,167231,CMR
100528,3_dose,full_coverage,23159,780,149,129934,CMR
100528,4_dose,full_coverage,29236,928,177,167231,CMR
100529,3_dose,reduced_coverage,10328,720,137,482366,CMR
100529,4_dose,reduced_coverage_lower,13620,920,175,611024,CMR
100529,4_dose,reduced_coverage,13545,913,174,611024,CMR
100529,4_dose,reduced_coverage_upper,15053,994,190,611024,CMR
100529,3_dose,full_coverage,12966,858,164,482366,CMR
100529,4_dose,full_coverage,17774,1155,220,611024,CMR
100530,3_dose,reduced_coverage,29801,1319,251,380350,CMR
100530,4_dose,reduced_coverage_lower,31352,1435,274,487391,CMR
100530,4_dose,reduced_coverage,35239,1601,305,487391,CMR
100530,4_dose,reduced_coverage_upper,38547,1732,330,487391,CMR
100530,3_dose,full_coverage,32942,1506,287,380350,CMR
100530,4_dose,full_coverage,44311,1969,375,487391,CMR
100531,3_dose,reduced_coverage,7850,441,84,218042,CMR
100531,4_dose,reduced_coverage_lower,9126,506,97,278756,CMR
100531,4_dose,reduced_coverage,10589,602,115,278756,CMR
100531,4_dose,reduced_coverage_upper,10389,590,112,278756,CMR
100531,3_dose,full_coverage,9176,526,100,218042,CMR
100531,4_dose,full_coverage,12428,705,134,278756,CMR
100532,3_dose,reduced_coverage,21663,1038,198,315645,CMR
100532,4_dose,reduced_coverage_lower,26635,1295,247,405369,CMR
100532,4_dose,reduced_coverage,25837,1249,238,405369,CMR
100532,4_dose,reduced_coverage_upper,27509,1340,255,405369,CMR
100532,3_dose,full_coverage,25061,1252,239,315645,CMR
100532,4_dose,full_coverage,32145,1576,301,405369,CMR
100533,3_dose,reduced_coverage,17727,938,179,341711,CMR
100533,4_dose,reduced_coverage_lower,21198,1138,217,431066,CMR
100533,4_dose,reduced_coverage,21474,1159,221,431066,CMR
100533,4_dose,reduced_coverage_upper,22116,1198,228,431066,CMR
100533,3_dose,full_coverage,19096,1017,194,341711,CMR
100533,4_dose,full_coverage,26934,1444,275,431066,CMR
100534,3_dose,reduced_coverage,21078,504,96,85649,CMR
100534,4_dose,reduced_coverage_lower,24536,592,113,110843,CMR
100534,4_dose,reduced_coverage,25638,620,118,110843,CMR
100534,4_dose,reduced_coverage_upper,26980,618,118,110843,CMR
100534,3_dose,full_coverage,24722,618,118,85649,CMR
100534,4_dose,full_coverage,32106,755,144,110843,CMR
100535,3_dose,reduced_coverage,27883,1011,193,216898,CMR
100535,4_dose,reduced_coverage_lower,34297,1213,231,274336,CMR
100535,4_dose,reduced_coverage,35268,1259,240,274336,CMR
100535,4_dose,reduced_coverage_upper,39612,1394,266,274336,CMR
100535,3_dose,full_coverage,33642,1204,230,216898,CMR
100535,4_dose,full_coverage,45316,1616,308,274336,CMR
100536,3_dose,reduced_coverage,34455,739,133,142660,COD
100536,4_dose,reduced_coverage_lower,46562,990,179,181249,COD
100536,4_dose,reduced_coverage,48487,1003,181,181249,COD
100536,4_dose,reduced_coverage_upper,50006,982,177,181249,COD
100536,3_dose,full_coverage,43098,948,171,142660,COD
100536,4_dose,full_coverage,58971,1198,216,181249,COD
100537,3_dose,reduced_coverage,29649,967,174,221273,COD
100537,4_dose,reduced_coverage_lower,35922,1168,211,278609,COD
100537,4_dose,reduced_coverage,36500,1218,220,278609,COD
100537,4_dose,reduced_coverage_upper,39246,1289,232,278609,COD
100537,3_dose,full_coverage,35640,1217,219,221273,COD
100537,4_dose,full_coverage,49453,1638,295,278609,COD
100538,3_dose,reduced_coverage,67323,1755,316,329433,COD
100538,4_dose,reduced_coverage_lower,83551,2168,391,412581,COD
100538,4_dose,reduced_coverage,87843,2228,402,412581,COD
100538,4_dose,reduced_coverage_upper,90054,2331,420,412581,COD
100538,3_dose,full_coverage,82362,2057,371,329433,COD
100538,4_dose,full_coverage,112079,2853,514,412581,COD
100539,3_dose,reduced_coverage,69290,2090,377,429231,COD
100539,4_dose,reduced_coverage_lower,80319,2401,433,541903,COD
100539,4_dose,reduced_coverage,87886,2653,478,541903,COD
100539,4_dose,reduced_coverage_upper,88503,2660,480,541903,COD
100539,3_dose,full_coverage,86408,2642,476,429231,COD
100539,4_dose,full_coverage,115415,3464,625,541903,COD
100540,3_dose,reduced_coverage,239356,4981,898,923169,COD
100540,4_dose,reduced_coverage_lower,282055,5745,1036,1179771,COD
100540,4_dose,reduced_coverage,304251,6235,1124,1179771,COD
100540,4_dose,reduced_coverage_upper,321942,6611,1192,1179771,COD
100540,3_dose,full_coverage,296341,6395,1153,923169,COD
100540,4_dose,full_coverage,379589,7947,1433,1179771,COD
100541,3_dose,reduced_coverage,136082,3154,569,596790,COD
100541,4_dose,reduced_coverage_lower,169294,3821,689,757433,COD
100541,4_dose,reduced_coverage,172181,3988,719,757433,COD
100541,4_dose,reduced_coverage_upper,189025,4170,752,757433,COD
100541,3_dose,full_coverage,175259,4045,729,596790,COD
100541,4_dose,full_coverage,237592,5289,954,757433,COD
100542,3_dose,reduced_coverage,41134,1647,297,405650,COD
100542,4_dose,reduced_coverage_lower,47333,1884,340,510583,COD
100542,4_dose,reduced_coverage,50842,2044,369,510583,COD
100542,4_dose,reduced_coverage_upper,52409,2060,372,510583,COD
100542,3_dose,full_coverage,48288,1920,346,405650,COD
100542,4_dose,full_coverage,62446,2442,440,510583,COD
100543,3_dose,reduced_coverage,60447,2015,363,459273,COD
100543,4_dose,reduced_coverage_lower,72964,2401,433,584600,COD
100543,4_dose,reduced_coverage,73891,2449,442,584600,COD
100543,4_dose,reduced_coverage_upper,80876,2709,488,584600,COD
100543,3_dose,full_coverage,72132,2461,444,459273,COD
100543,4_dose,full_coverage,98132,3299,595,584600,COD
100544,3_dose,reduced_coverage,27137,1279,231,411726,COD
100544,4_dose,reduced_coverage_lower,33000,1517,274,521679,COD
100544,4_dose,reduced_coverage,33184,1510,272,521679,COD
100544,4_dose,reduced_coverage_upper,36845,1723,311,521679,COD
100544,3_dose,full_coverage,33103,1528,276,411726,COD
100544,4_dose,full_coverage,46244,2117,382,521679,COD
100545,3_dose,reduced_coverage,90850,3840,692,999892,COD
100545,4_dose,reduced_coverage_lower,108218,4431,799,1263998,COD
100545,4_dose,reduced_coverage,117240,4846,874,1263998,COD
100545,4_dose,reduced_coverage_upper,124018,5041,909,1263998,COD
100545,3_dose,full_coverage,113101,4608,831,999892,COD
100545,4_dose,full_coverage,146070,6014,1085,1263998,COD
100546,3_dose,reduced_coverage,73290,2196,396,428069,COD
100546,4_dose,reduced_coverage_lower,86277,2554,461,539021,COD
100546,4_dose,reduced_coverage,91516,2729,492,539021,COD
100546,4_dose,reduced_coverage_upper,96403,2870,518,539021,COD
100546,3_dose,full_coverage,86929,2668,481,428069,COD
100546,4_dose,full_coverage,117759,3534,637,539021,COD
100547,3_dose,reduced_coverage,19603,874,158,249489,COD
100547,4_dose,reduced_coverage_lower,23407,1054,190,313321,COD
100547,4_dose,reduced_coverage,24390,1083,195,313321,COD
100547,4_dose,reduced_coverage_upper,25447,1158,209,313321,COD
100547,3_dose,full_coverage,23761,1061,191,249489,COD
100547,4_dose,full_coverage,31902,1413,255,313321,COD
100548,3_dose,reduced_coverage,47775,2175,392,670504,COD
100548,4_dose,reduced_coverage_lower,57513,2566,463,843412,COD
100548,4_dose,reduced_coverage,60898,2756,497,843412,COD
100548,4_dose,reduced_coverage_upper,65624,2934,529,843412,COD
100548,3_dose,full_coverage,59600,2662,480,670504,COD
100548,4_dose,full_coverage,80106,3540,638,843412,COD
100549,3_dose,reduced_coverage,80790,2007,362,360737,COD
100549,4_dose,reduced_coverage_lower,100446,2509,452,456990,COD
100549,4_dose,reduced_coverage,102173,2527,456,456990,COD
100549,4_dose,reduced_coverage_upper,103210,2588,467,456990,COD
100549,3_dose,full_coverage,98179,2448,442,360737,COD
100549,4_dose,full_coverage,127164,3135,565,456990,COD
100550,3_dose,reduced_coverage,73530,1743,314,280386,COD
100550,4_dose,reduced_coverage_lower,87539,2009,362,352254,COD
100550,4_dose,reduced_coverage,94562,2079,375,352254,COD
100550,4_dose,reduced_coverage_upper,93557,2104,379,352254,COD
100550,3_dose,full_coverage,90001,2043,368,280386,COD
100550,4_dose,full_coverage,112119,2606,470,352254,COD
100551,3_dose,reduced_coverage,36321,1070,193,224278,COD
100551,4_dose,reduced_coverage_lower,44987,1337,241,285223,COD
100551,4_dose,reduced_coverage,48421,1427,257,285223,COD
100551,4_dose,reduced_coverage_upper,48283,1394,251,285223,COD
100551,3_dose,full_coverage,45351,1371,247,224278,COD
100551,4_dose,full_coverage,60501,1784,322,285223,COD
100552,3_dose,reduced_coverage,58945,1463,264,285579,COD
100552,4_dose,reduced_coverage_lower,71493,1734,313,359327,COD
100552,4_dose,reduced_coverage,75072,1803,325,359327,COD
100552,4_dose,reduced_coverage_upper,80735,1973,356,359327,COD
100552,3_dose,full_coverage,76988,1805,326,285579,COD
100552,4_dose,full_coverage,98720,2322,419,359327,COD
100553,3_dose,reduced_coverage,22192,877,158,225207,COD
100553,4_dose,reduced_coverage_lower,25506,1045,188,285875,COD
100553,4_dose,reduced_coverage,25951,1049,189,285875,COD
100553,4_dose,reduced_coverage_upper,28025,1111,200,285875,COD
100553,3_dose,full_coverage,27604,1111,200,225207,COD
100553,4_dose,full_coverage,35797,1398,252,285875,COD
100554,3_dose,reduced_coverage,39024,1899,342,628177,COD
100554,4_dose,reduced_coverage_lower,45063,2211,399,786582,COD
100554,4_dose,reduced_coverage,46101,2251,406,786582,COD
100554,4_dose,reduced_coverage_upper,51976,2542,458,786582,COD
100554,3_dose,full_coverage,49553,2406,434,628177,COD
100554,4_dose,full_coverage,63713,3094,558,786582,COD
100555,3_dose,reduced_coverage,44752,937,169,161998,COD
100555,4_dose,reduced_coverage_lower,51677,1078,194,204289,COD
100555,4_dose,reduced_coverage,55271,1158,209,204289,COD
100555,4_dose,reduced_coverage_upper,58134,1202,217,204289,COD
100555,3_dose,full_coverage,55509,1185,214,161998,COD
100555,4_dose,full_coverage,72013,1499,270,204289,COD
100556,3_dose,reduced_coverage,39613,1464,264,330838,COD
100556,4_dose,reduced_coverage_lower,49133,1776,320,418181,COD
100556,4_dose,reduced_coverage,51100,1813,327,418181,COD
100556,4_dose,reduced_coverage_upper,53282,1923,347,418181,COD
100556,3_dose,full_coverage,47071,1730,312,330838,COD
100556,4_dose,full_coverage,61885,2234,403,418181,COD
100557,3_dose,reduced_coverage,33938,1532,276,423168,COD
100557,4_dose,reduced_coverage_lower,40889,1840,332,536826,COD
100557,4_dose,reduced_coverage,43988,1970,355,536826,COD
100557,4_dose,reduced_coverage_upper,44909,1938,350,536826,COD
100557,3_dose,full_coverage,41466,1849,333,423168,COD
100557,4_dose,full_coverage,53705,2360,426,536826,COD
100558,3_dose,reduced_coverage,47125,1512,273,310052,COD
100558,4_dose,reduced_coverage_lower,58864,1852,334,389916,COD
100558,4_dose,reduced_coverage,60321,1862,336,389916,COD
100558,4_dose,reduced_coverage_upper,64868,2000,361,389916,COD
100558,3_dose,full_coverage,58548,1877,339,310052,COD
100558,4_dose,full_coverage,79955,2485,448,389916,COD
100559,3_dose,reduced_coverage,74207,1666,300,298543,COD
100559,4_dose,reduced_coverage_lower,87380,1952,352,376235,COD
100559,4_dose,reduced_coverage,90406,2015,363,376235,COD
100559,4_dose,reduced_coverage_upper,93939,2129,384,376235,COD
100559,3_dose,full_coverage,91978,2078,375,298543,COD
100559,4_dose,full_coverage,119028,2655,479,376235,COD
100560,3_dose,reduced_coverage,96906,2218,400,388336,COD
100560,4_dose,reduced_coverage_lower,114419,2514,453,492042,COD
100560,4_dose,reduced_coverage,119198,2762,498,492042,COD
100560,4_dose,reduced_coverage_upper,130516,3033,547,492042,COD
100560,3_dose,full_coverage,117268,2765,499,388336,COD
100560,4_dose,full_coverage,155240,3516,634,492042,COD
100561,3_dose,reduced_coverage,28225,808,146,155707,COD
100561,4_dose,reduced_coverage_lower,33905,939,169,195483,COD
100561,4_dose,reduced_coverage,35990,1006,181,195483,COD
100561,4_dose,reduced_coverage_upper,38324,1061,191,195483,COD
100561,3_dose,full_coverage,35939,979,177,155707,COD
100561,4_dose,full_coverage,46913,1299,234,195483,COD
100562,3_dose,reduced_coverage,4844,176,31,46368,COG
100562,4_dose,reduced_coverage_lower,6044,213,37,58768,COG
100562,4_dose,reduced_coverage,6346,224,39,58768,COG
100562,4_dose,reduced_coverage_upper,6677,236,41,58768,COG
100562,3_dose,full_coverage,6852,247,43,46368,COG
100562,4_dose,full_coverage,9324,333,58,58768,COG
100563,3_dose,reduced_coverage,10359,354,61,85214,COG
100563,4_dose,reduced_coverage_lower,12356,424,74,108092,COG
100563,4_dose,reduced_coverage,12571,428,74,108092,COG
100563,4_dose,reduced_coverage_upper,13399,459,80,108092,COG
100563,3_dose,full_coverage,14529,505,88,85214,COG
100563,4_dose,full_coverage,18460,634,110,108092,COG
100564,3_dose,reduced_coverage,2552,85,15,21996,COG
100564,4_dose,reduced_coverage_lower,3161,104,18,27722,COG
100564,4_dose,reduced_coverage,3165,106,18,27722,COG
100564,4_dose,reduced_coverage_upper,3373,112,19,27722,COG
100564,3_dose,full_coverage,3597,119,21,21996,COG
100564,4_dose,full_coverage,4843,158,27,27722,COG
100565,3_dose,reduced_coverage,1335,36,6,8332,COG
100565,4_dose,reduced_coverage_lower,1637,44,8,10582,COG
100565,4_dose,reduced_coverage,1751,48,8,10582,COG
100565,4_dose,reduced_coverage_upper,1761,48,8,10582,COG
100565,3_dose,full_coverage,1865,52,9,8332,COG
100565,4_dose,full_coverage,2591,69,12,10582,COG
100566,3_dose,reduced_coverage,12495,376,65,89727,COG
100566,4_dose,reduced_coverage_lower,15960,473,82,112899,COG
100566,4_dose,reduced_coverage,16506,468,81,112899,COG
100566,4_dose,reduced_coverage_upper,17569,505,88,112899,COG
100566,3_dose,full_coverage,19654,575,100,89727,COG
100566,4_dose,full_coverage,26264,752,131,112899,COG
100567,3_dose,reduced_coverage,2090,59,10,12257,COG
100567,4_dose,reduced_coverage_lower,2437,67,12,15633,COG
100567,4_dose,reduced_coverage,2446,68,12,15633,COG
100567,4_dose,reduced_coverage_upper,2621,69,12,15633,COG
100567,3_dose,full_coverage,2846,80,14,12257,COG
100567,4_dose,full_coverage,3807,102,18,15633,COG
100568,3_dose,reduced_coverage,2419,66,12,14146,COG
100568,4_dose,reduced_coverage_lower,2911,79,14,17766,COG
100568,4_dose,reduced_coverage,2829,77,13,17766,COG
100568,4_dose,reduced_coverage_upper,2958,81,14,17766,COG
100568,3_dose,full_coverage,3450,94,16,14146,COG
100568,4_dose,full_coverage,4392,122,21,17766,COG
100569,3_dose,reduced_coverage,6432,159,28,37077,COG
100569,4_dose,reduced_coverage_lower,8098,203,35,47302,COG
100569,4_dose,reduced_coverage,8080,199,35,47302,COG
100569,4_dose,reduced_coverage_upper,8333,212,37,47302,COG
100569,3_dose,full_coverage,9874,244,42,37077,COG
100569,4_dose,full_coverage,13092,320,56,47302,COG
100570,3_dose,reduced_coverage,3020,99,17,28148,COG
100570,4_dose,reduced_coverage_lower,3899,133,23,35449,COG
100570,4_dose,reduced_coverage,4131,139,24,35449,COG
100570,4_dose,reduced_coverage_upper,4466,148,26,35449,COG
100570,3_dose,full_coverage,4466,152,26,28148,COG
100570,4_dose,full_coverage,6105,205,35,35449,COG
100571,3_dose,reduced_coverage,3667,133,23,40686,COG
100571,4_dose,reduced_coverage_lower,4524,160,28,51658,COG
100571,4_dose,reduced_coverage,4924,169,29,51658,COG
100571,4_dose,reduced_coverage_upper,5027,176,31,51658,COG
100571,3_dose,full_coverage,5810,209,36,40686,COG
100571,4_dose,full_coverage,7792,273,47,51658,COG
100572,3_dose,reduced_coverage,23296,780,135,178973,COG
100572,4_dose,reduced_coverage_lower,28095,891,155,227813,COG
100572,4_dose,reduced_coverage,29674,939,163,227813,COG
100572,4_dose,reduced_coverage_upper,31139,983,171,227813,COG
100572,3_dose,full_coverage,36071,1144,199,178973,COG
100572,4_dose,full_coverage,45991,1423,247,227813,COG
100573,3_dose,reduced_coverage,2421,62,11,11616,COG
100573,4_dose,reduced_coverage_lower,2776,69,12,14737,COG
100573,4_dose,reduced_coverage,2891,73,13,14737,COG
100573,4_dose,reduced_coverage_upper,2934,73,13,14737,COG
100573,3_dose,full_coverage,3213,82,14,11616,COG
100573,4_dose,full_coverage,4244,104,18,14737,COG
100935,3_dose,reduced_coverage,3512,187,32,71314,GAB
100935,4_dose,reduced_coverage_lower,4256,219,38,90888,GAB
100935,4_dose,reduced_coverage,4421,228,39,90888,GAB
100935,4_dose,reduced_coverage_upper,4454,227,39,90888,GAB
100935,3_dose,full_coverage,4541,236,41,71314,GAB
100935,4_dose,full_coverage,6189,320,55,90888,GAB
100936,3_dose,reduced_coverage,1198,65,11,24728,GAB
100936,4_dose,reduced_coverage_lower,1437,77,13,31574,GAB
100936,4_dose,reduced_coverage,1475,79,14,31574,GAB
100936,4_dose,reduced_coverage_upper,1542,82,14,31574,GAB
100936,3_dose,full_coverage,1600,82,14,24728,GAB
100936,4_dose,full_coverage,2079,108,19,31574,GAB
100937,3_dose,reduced_coverage,368,18,3,5945,GAB
100937,4_dose,reduced_coverage_lower,427,21,4,7516,GAB
100937,4_dose,reduced_coverage,433,21,4,7516,GAB
100937,4_dose,reduced_coverage_upper,472,23,4,7516,GAB
100937,3_dose,full_coverage,414,21,4,5945,GAB
100937,4_dose,full_coverage,577,29,5,7516,GAB
100938,3_dose,reduced_coverage,702,31,5,9563,GAB
100938,4_dose,reduced_coverage_lower,867,37,6,12148,GAB
100938,4_dose,reduced_coverage,845,37,6,12148,GAB
100938,4_dose,reduced_coverage_upper,894,40,7,12148,GAB
100938,3_dose,full_coverage,921,40,7,9563,GAB
100938,4_dose,full_coverage,1172,53,9,12148,GAB
100939,3_dose,reduced_coverage,297,14,2,4406,GAB
100939,4_dose,reduced_coverage_lower,346,16,3,5569,GAB
100939,4_dose,reduced_coverage,358,17,3,5569,GAB
100939,4_dose,reduced_coverage_upper,401,19,3,5569,GAB
100939,3_dose,full_coverage,371,17,3,4406,GAB
100939,4_dose,full_coverage,489,23,4,5569,GAB
100940,3_dose,reduced_coverage,444,22,4,6349,GAB
100940,4_dose,reduced_coverage_lower,528,25,4,8006,GAB
100940,4_dose,reduced_coverage,557,26,4,8006,GAB
100940,4_dose,reduced_coverage_upper,583,27,5,8006,GAB
100940,3_dose,full_coverage,598,28,5,6349,GAB
100940,4_dose,full_coverage,760,35,6,8006,GAB
100941,3_dose,reduced_coverage,333,16,3,6494,GAB
100941,4_dose,reduced_coverage_lower,394,19,3,8289,GAB
100941,4_dose,reduced_coverage,467,23,4,8289,GAB
100941,4_dose,reduced_coverage_upper,487,24,4,8289,GAB
100941,3_dose,full_coverage,456,22,4,6494,GAB
100941,4_dose,full_coverage,601,29,5,8289,GAB
100942,3_dose,reduced_coverage,505,27,5,12489,GAB
100942,4_dose,reduced_coverage_lower,579,31,5,15965,GAB
100942,4_dose,reduced_coverage,653,35,6,15965,GAB
100942,4_dose,reduced_coverage_upper,709,38,7,15965,GAB
100942,3_dose,full_coverage,646,36,6,12489,GAB
100942,4_dose,full_coverage,887,50,9,15965,GAB
100943,3_dose,reduced_coverage,904,44,8,15412,GAB
100943,4_dose,reduced_coverage_lower,1131,55,9,19682,GAB
100943,4_dose,reduced_coverage,1145,55,9,19682,GAB
100943,4_dose,reduced_coverage_upper,1253,61,10,19682,GAB
100943,3_dose,full_coverage,1185,58,10,15412,GAB
100943,4_dose,full_coverage,1707,80,14,19682,GAB
100975,3_dose,reduced_coverage,92295,2747,474,479457,GHA
100975,4_dose,reduced_coverage_lower,108944,3230,557,606449,GHA
100975,4_dose,reduced_coverage,109104,3394,585,606449,GHA
100975,4_dose,reduced_coverage_upper,117193,3568,615,606449,GHA
100975,3_dose,full_coverage,89138,2749,474,479457,GHA
100975,4_dose,full_coverage,118062,3671,633,606449,GHA
100976,3_dose,reduced_coverage,72447,1512,261,231445,GHA
100976,4_dose,reduced_coverage_lower,90156,1791,309,292818,GHA
100976,4_dose,reduced_coverage,94663,1877,324,292818,GHA
100976,4_dose,reduced_coverage_upper,98826,2004,346,292818,GHA
100976,3_dose,full_coverage,73018,1532,264,231445,GHA
100976,4_dose,full_coverage,101189,2059,355,292818,GHA
100977,3_dose,reduced_coverage,98591,1559,269,212044,GHA
100977,4_dose,reduced_coverage_lower,121333,1797,310,268594,GHA
100977,4_dose,reduced_coverage,125071,1832,316,268594,GHA
100977,4_dose,reduced_coverage_upper,129500,1900,328,268594,GHA
100977,3_dose,full_coverage,99693,1474,254,212044,GHA
100977,4_dose,full_coverage,129079,1955,337,268594,GHA
100978,3_dose,reduced_coverage,106769,1557,269,264810,GHA
100978,4_dose,reduced_coverage_lower,129068,1818,314,338140,GHA
100978,4_dose,reduced_coverage,143098,2122,366,338140,GHA
100978,4_dose,reduced_coverage_upper,147516,2116,365,338140,GHA
100978,3_dose,full_coverage,104363,1530,264,264810,GHA
100978,4_dose,full_coverage,151362,2148,370,338140,GHA
100979,3_dose,reduced_coverage,36494,1572,271,338437,GHA
100979,4_dose,reduced_coverage_lower,39861,1677,289,436422,GHA
100979,4_dose,reduced_coverage,43495,1861,321,436422,GHA
100979,4_dose,reduced_coverage_upper,46252,1940,335,436422,GHA
100979,3_dose,full_coverage,35301,1509,260,338437,GHA
100979,4_dose,full_coverage,45030,1919,331,436422,GHA
100980,3_dose,reduced_coverage,95769,1693,292,245700,GHA
100980,4_dose,reduced_coverage_lower,109915,1844,318,313988,GHA
100980,4_dose,reduced_coverage,117228,2012,347,313988,GHA
100980,4_dose,reduced_coverage_upper,123970,2176,375,313988,GHA
100980,3_dose,full_coverage,98513,1786,308,245700,GHA
100980,4_dose,full_coverage,126642,2199,379,313988,GHA
100981,3_dose,reduced_coverage,17601,609,105,103478,GHA
100981,4_dose,reduced_coverage_lower,21243,728,126,131524,GHA
100981,4_dose,reduced_coverage,22138,758,131,131524,GHA
100981,4_dose,reduced_coverage_upper,23352,803,139,131524,GHA
100981,3_dose,full_coverage,18002,629,108,103478,GHA
100981,4_dose,full_coverage,24385,818,141,131524,GHA
100982,3_dose,reduced_coverage,24360,535,92,67899,GHA
100982,4_dose,reduced_coverage_lower,28139,618,107,87204,GHA
100982,4_dose,reduced_coverage,29794,654,113,87204,GHA
100982,4_dose,reduced_coverage_upper,31957,699,121,87204,GHA
100982,3_dose,full_coverage,23991,532,92,67899,GHA
100982,4_dose,full_coverage,31204,661,114,87204,GHA
100983,3_dose,reduced_coverage,98832,1495,258,218358,GHA
100983,4_dose,reduced_coverage_lower,115161,1813,313,277178,GHA
100983,4_dose,reduced_coverage,122126,1803,311,277178,GHA
100983,4_dose,reduced_coverage_upper,133506,1958,338,277178,GHA
100983,3_dose,full_coverage,98975,1533,264,218358,GHA
100983,4_dose,full_coverage,129155,1909,329,277178,GHA
100984,3_dose,reduced_coverage,91263,1476,255,227753,GHA
100984,4_dose,reduced_coverage_lower,110657,1766,305,288066,GHA
100984,4_dose,reduced_coverage,114804,1790,309,288066,GHA
100984,4_dose,reduced_coverage_upper,124251,1936,334,288066,GHA
100984,3_dose,full_coverage,91749,1483,256,227753,GHA
100984,4_dose,full_coverage,128752,2050,354,288066,GHA
100985,3_dose,reduced_coverage,10092,367,68,142783,GIN
100985,4_dose,reduced_coverage_lower,14608,513,95,181825,GIN
100985,4_dose,reduced_coverage,14894,516,96,181825,GIN
100985,4_dose,reduced_coverage_upper,15099,510,95,181825,GIN
100985,3_dose,full_coverage,22405,780,145,142783,GIN
100985,4_dose,full_coverage,29810,1020,189,181825,GIN
100986,3_dose,reduced_coverage,9707,410,76,190994,GIN
100986,4_dose,reduced_coverage_lower,12003,519,96,241855,GIN
100986,4_dose,reduced_coverage,9527,389,72,241855,GIN
100986,4_dose,reduced_coverage_upper,9792,424,79,241855,GIN
100986,3_dose,full_coverage,19854,845,157,190994,GIN
100986,4_dose,full_coverage,26694,1134,211,241855,GIN
100987,3_dose,reduced_coverage,23239,366,68,110686,GIN
100987,4_dose,reduced_coverage_lower,24988,345,64,141264,GIN
100987,4_dose,reduced_coverage,27426,396,73,141264,GIN
100987,4_dose,reduced_coverage_upper,26503,368,68,141264,GIN
100987,3_dose,full_coverage,48419,724,134,110686,GIN
100987,4_dose,full_coverage,62910,925,172,141264,GIN
100988,3_dose,reduced_coverage,25739,560,104,205392,GIN
100988,4_dose,reduced_coverage_lower,33017,657,122,259466,GIN
100988,4_dose,reduced_coverage,33450,663,123,259466,GIN
100988,4_dose,reduced_coverage_upper,37836,745,138,259466,GIN
100988,3_dose,full_coverage,64443,1371,255,205392,GIN
100988,4_dose,full_coverage,84285,1762,327,259466,GIN
100989,3_dose,reduced_coverage,49615,788,146,222177,GIN
100989,4_dose,reduced_coverage_lower,54390,831,154,280929,GIN
100989,4_dose,reduced_coverage,62588,959,178,280929,GIN
100989,4_dose,reduced_coverage_upper,65796,993,184,280929,GIN
100989,3_dose,full_coverage,105803,1685,313,222177,GIN
100989,4_dose,full_coverage,134490,2000,371,280929,GIN
100990,3_dose,reduced_coverage,6765,264,49,130387,GIN
100990,4_dose,reduced_coverage_lower,8463,323,60,165497,GIN
100990,4_dose,reduced_coverage,8986,341,63,165497,GIN
100990,4_dose,reduced_coverage_upper,9300,367,68,165497,GIN
100990,3_dose,full_coverage,15260,600,111,130387,GIN
100990,4_dose,full_coverage,19885,789,146,165497,GIN
100991,3_dose,reduced_coverage,17963,372,69,111881,GIN
100991,4_dose,reduced_coverage_lower,21782,419,78,141878,GIN
100991,4_dose,reduced_coverage,22580,459,85,141878,GIN
100991,4_dose,reduced_coverage_upper,23953,479,89,141878,GIN
100991,3_dose,full_coverage,43038,878,163,111881,GIN
100991,4_dose,full_coverage,55230,1074,199,141878,GIN
100992,3_dose,reduced_coverage,79284,1178,219,311412,GIN
100992,4_dose,reduced_coverage_lower,77854,1126,209,397548,GIN
100992,4_dose,reduced_coverage,87125,1130,210,397548,GIN
100992,4_dose,reduced_coverage_upper,91094,1191,221,397548,GIN
100992,3_dose,full_coverage,165758,2247,417,311412,GIN
100992,4_dose,full_coverage,207959,2725,506,397548,GIN
101013,3_dose,reduced_coverage,931,24,4,11166,GNQ
101013,4_dose,reduced_coverage_lower,996,25,4,14098,GNQ
101013,4_dose,reduced_coverage,1063,25,4,14098,GNQ
101013,4_dose,reduced_coverage_upper,1170,30,5,14098,GNQ
101013,3_dose,full_coverage,3104,75,12,11166,GNQ
101013,4_dose,full_coverage,4088,97,15,14098,GNQ
101014,3_dose,reduced_coverage,909,20,3,14668,GNQ
101014,4_dose,reduced_coverage_lower,1254,21,3,18807,GNQ
101014,4_dose,reduced_coverage,1276,24,4,18807,GNQ
101014,4_dose,reduced_coverage_upper,1140,21,3,18807,GNQ
101014,3_dose,full_coverage,4543,94,15,14668,GNQ
101014,4_dose,full_coverage,6084,122,19,18807,GNQ
101015,3_dose,reduced_coverage,1354,35,5,23850,GNQ
101015,4_dose,reduced_coverage_lower,1353,30,5,30581,GNQ
101015,4_dose,reduced_coverage,1689,41,6,30581,GNQ
101015,4_dose,reduced_coverage_upper,2227,52,8,30581,GNQ
101015,3_dose,full_coverage,6108,147,23,23850,GNQ
101015,4_dose,full_coverage,8198,194,31,30581,GNQ
101016,3_dose,reduced_coverage,1175,24,4,13573,GNQ
101016,4_dose,reduced_coverage_lower,1481,33,5,17215,GNQ
101016,4_dose,reduced_coverage,1524,33,5,17215,GNQ
101016,4_dose,reduced_coverage_upper,1514,30,5,17215,GNQ
101016,3_dose,full_coverage,4061,98,15,13573,GNQ
101016,4_dose,full_coverage,5215,119,19,17215,GNQ
101461,3_dose,reduced_coverage,647,50,8,60559,KEN
101461,4_dose,reduced_coverage_lower,676,51,8,76904,KEN
101461,4_dose,reduced_coverage,748,57,9,76904,KEN
101461,4_dose,reduced_coverage_upper,828,63,10,76904,KEN
101461,3_dose,full_coverage,725,56,9,60559,KEN
101461,4_dose,full_coverage,939,73,12,76904,KEN
101462,3_dose,reduced_coverage,330,29,5,96436,KEN
101462,4_dose,reduced_coverage_lower,341,30,5,123677,KEN
101462,4_dose,reduced_coverage,319,28,4,123677,KEN
101462,4_dose,reduced_coverage_upper,320,28,4,123677,KEN
101462,3_dose,full_coverage,466,40,6,96436,KEN
101462,4_dose,full_coverage,507,44,7,123677,KEN
101463,3_dose,reduced_coverage,10129,538,85,202014,KEN
101463,4_dose,reduced_coverage_lower,12308,644,102,255974,KEN
101463,4_dose,reduced_coverage,12655,677,107,255974,KEN
101463,4_dose,reduced_coverage_upper,14682,755,120,255974,KEN
101463,3_dose,full_coverage,12766,681,108,202014,KEN
101463,4_dose,full_coverage,16696,893,142,255974,KEN
101464,3_dose,reduced_coverage,18348,487,77,90670,KEN
101464,4_dose,reduced_coverage_lower,22474,595,94,116293,KEN
101464,4_dose,reduced_coverage,23852,597,95,116293,KEN
101464,4_dose,reduced_coverage_upper,24507,637,101,116293,KEN
101464,3_dose,full_coverage,23597,627,99,90670,KEN
101464,4_dose,full_coverage,30212,792,126,116293,KEN
101465,3_dose,reduced_coverage,180,15,2,21894,KEN
101465,4_dose,reduced_coverage_lower,172,14,2,27866,KEN
101465,4_dose,reduced_coverage,175,14,2,27866,KEN
101465,4_dose,reduced_coverage_upper,212,17,3,27866,KEN
101465,3_dose,full_coverage,184,15,2,21894,KEN
101465,4_dose,full_coverage,259,20,3,27866,KEN
101466,3_dose,reduced_coverage,731,54,9,77368,KEN
101466,4_dose,reduced_coverage_lower,827,61,10,97629,KEN
101466,4_dose,reduced_coverage,852,64,10,97629,KEN
101466,4_dose,reduced_coverage_upper,891,68,11,97629,KEN
101466,3_dose,full_coverage,807,61,10,77368,KEN
101466,4_dose,full_coverage,928,70,11,97629,KEN
101467,3_dose,reduced_coverage,604,46,7,66453,KEN
101467,4_dose,reduced_coverage_lower,700,52,8,84158,KEN
101467,4_dose,reduced_coverage,838,63,10,84158,KEN
101467,4_dose,reduced_coverage_upper,900,68,11,84158,KEN
101467,3_dose,full_coverage,740,56,9,66453,KEN
101467,4_dose,full_coverage,1061,80,13,84158,KEN
101468,3_dose,reduced_coverage,8123,394,63,131564,KEN
101468,4_dose,reduced_coverage_lower,10699,499,79,168692,KEN
101468,4_dose,reduced_coverage,10987,509,81,168692,KEN
101468,4_dose,reduced_coverage_upper,11542,527,84,168692,KEN
101468,3_dose,full_coverage,9964,487,77,131564,KEN
101468,4_dose,full_coverage,14131,671,106,168692,KEN
101469,3_dose,reduced_coverage,161,13,2,17407,KEN
101469,4_dose,reduced_coverage_lower,173,14,2,22074,KEN
101469,4_dose,reduced_coverage,191,15,2,22074,KEN
101469,4_dose,reduced_coverage_upper,193,15,2,22074,KEN
101469,3_dose,full_coverage,199,16,2,17407,KEN
101469,4_dose,full_coverage,248,20,3,22074,KEN
101470,3_dose,reduced_coverage,352,28,4,57621,KEN
101470,4_dose,reduced_coverage_lower,450,35,6,73312,KEN
101470,4_dose,reduced_coverage,556,42,7,73312,KEN
101470,4_dose,reduced_coverage_upper,570,44,7,73312,KEN
101470,3_dose,full_coverage,474,36,6,57621,KEN
101470,4_dose,full_coverage,728,57,9,73312,KEN
101471,3_dose,reduced_coverage,14018,681,108,198703,KEN
101471,4_dose,reduced_coverage_lower,17254,797,126,250791,KEN
101471,4_dose,reduced_coverage,18283,845,134,250791,KEN
101471,4_dose,reduced_coverage_upper,18658,867,138,250791,KEN
101471,3_dose,full_coverage,15750,760,120,198703,KEN
101471,4_dose,full_coverage,22114,1030,163,250791,KEN
101472,3_dose,reduced_coverage,97,9,1,94201,KEN
101472,4_dose,reduced_coverage_lower,347,29,5,119707,KEN
101472,4_dose,reduced_coverage,382,32,5,119707,KEN
101472,4_dose,reduced_coverage_upper,570,48,8,119707,KEN
101472,3_dose,full_coverage,322,27,4,94201,KEN
101472,4_dose,full_coverage,469,39,6,119707,KEN
101473,3_dose,reduced_coverage,881,69,11,101021,KEN
101473,4_dose,reduced_coverage_lower,1016,79,12,128888,KEN
101473,4_dose,reduced_coverage,1110,86,14,128888,KEN
101473,4_dose,reduced_coverage_upper,1249,97,15,128888,KEN
101473,3_dose,full_coverage,1161,91,14,101021,KEN
101473,4_dose,full_coverage,1412,112,18,128888,KEN
101474,3_dose,reduced_coverage,7168,392,62,140884,KEN
101474,4_dose,reduced_coverage_lower,7826,437,69,178464,KEN
101474,4_dose,reduced_coverage,7880,437,69,178464,KEN
101474,4_dose,reduced_coverage_upper,8565,485,77,178464,KEN
101474,3_dose,full_coverage,8170,462,73,140884,KEN
101474,4_dose,full_coverage,10214,574,91,178464,KEN
101475,3_dose,reduced_coverage,845,64,10,80963,KEN
101475,4_dose,reduced_coverage_lower,668,51,8,103356,KEN
101475,4_dose,reduced_coverage,627,51,8,103356,KEN
101475,4_dose,reduced_coverage_upper,890,68,11,103356,KEN
101475,3_dose,full_coverage,903,69,11,80963,KEN
101475,4_dose,full_coverage,1202,93,15,103356,KEN
101476,3_dose,reduced_coverage,2578,178,28,166866,KEN
101476,4_dose,reduced_coverage_lower,2874,203,32,212340,KEN
101476,4_dose,reduced_coverage,3604,252,40,212340,KEN
101476,4_dose,reduced_coverage_upper,3730,263,42,212340,KEN
101476,3_dose,full_coverage,3312,230,37,166866,KEN
101476,4_dose,full_coverage,3938,275,44,212340,KEN
101477,3_dose,reduced_coverage,9067,435,69,149847,KEN
101477,4_dose,reduced_coverage_lower,11099,539,86,188666,KEN
101477,4_dose,reduced_coverage,11253,546,87,188666,KEN
101477,4_dose,reduced_coverage_upper,11820,574,91,188666,KEN
101477,3_dose,full_coverage,10868,536,85,149847,KEN
101477,4_dose,full_coverage,14542,725,115,188666,KEN
101478,3_dose,reduced_coverage,1026,83,13,141344,KEN
101478,4_dose,reduced_coverage_lower,1271,102,16,180204,KEN
101478,4_dose,reduced_coverage,1317,105,17,180204,KEN
101478,4_dose,reduced_coverage_upper,1429,113,18,180204,KEN
101478,3_dose,full_coverage,1352,106,17,141344,KEN
101478,4_dose,full_coverage,1628,129,20,180204,KEN
101479,3_dose,reduced_coverage,7554,307,49,90750,KEN
101479,4_dose,reduced_coverage_lower,8887,368,58,115460,KEN
101479,4_dose,reduced_coverage,9359,389,62,115460,KEN
101479,4_dose,reduced_coverage_upper,10719,452,72,115460,KEN
101479,3_dose,full_coverage,9849,418,66,90750,KEN
101479,4_dose,full_coverage,12854,541,86,115460,KEN
101480,3_dose,reduced_coverage,198,16,2,28052,KEN
101480,4_dose,reduced_coverage_lower,268,21,3,35798,KEN
101480,4_dose,reduced_coverage,254,20,3,35798,KEN
101480,4_dose,reduced_coverage_upper,290,23,4,35798,KEN
101480,3_dose,full_coverage,224,18,3,28052,KEN
101480,4_dose,full_coverage,287,23,4,35798,KEN
101481,3_dose,reduced_coverage,159,12,2,12723,KEN
101481,4_dose,reduced_coverage_lower,179,13,2,16203,KEN
101481,4_dose,reduced_coverage,207,15,2,16203,KEN
101481,4_dose,reduced_coverage_upper,225,17,3,16203,KEN
101481,3_dose,full_coverage,195,15,2,12723,KEN
101481,4_dose,full_coverage,260,19,3,16203,KEN
101482,3_dose,reduced_coverage,993,80,13,159053,KEN
101482,4_dose,reduced_coverage_lower,1244,100,16,201785,KEN
101482,4_dose,reduced_coverage,1460,116,18,201785,KEN
101482,4_dose,reduced_coverage_upper,1440,117,19,201785,KEN
101482,3_dose,full_coverage,1193,95,15,159053,KEN
101482,4_dose,full_coverage,1479,117,19,201785,KEN
101483,3_dose,reduced_coverage,813,62,10,134026,KEN
101483,4_dose,reduced_coverage_lower,948,74,12,169522,KEN
101483,4_dose,reduced_coverage,1033,80,13,169522,KEN
101483,4_dose,reduced_coverage_upper,979,78,12,169522,KEN
101483,3_dose,full_coverage,1066,85,13,134026,KEN
101483,4_dose,full_coverage,1538,122,19,169522,KEN
101484,3_dose,reduced_coverage,485,37,6,44326,KEN
101484,4_dose,reduced_coverage_lower,538,41,6,56228,KEN
101484,4_dose,reduced_coverage,549,42,7,56228,KEN
101484,4_dose,reduced_coverage_upper,619,47,7,56228,KEN
101484,3_dose,full_coverage,468,35,6,44326,KEN
101484,4_dose,full_coverage,710,54,9,56228,KEN
101485,3_dose,reduced_coverage,344,26,4,31084,KEN
101485,4_dose,reduced_coverage_lower,358,27,4,39656,KEN
101485,4_dose,reduced_coverage,376,29,5,39656,KEN
101485,4_dose,reduced_coverage_upper,388,30,5,39656,KEN
101485,3_dose,full_coverage,361,28,4,31084,KEN
101485,4_dose,full_coverage,463,35,6,39656,KEN
101486,3_dose,reduced_coverage,2612,191,30,176335,KEN
101486,4_dose,reduced_coverage_lower,3452,253,40,221775,KEN
101486,4_dose,reduced_coverage,3183,235,37,221775,KEN
101486,4_dose,reduced_coverage_upper,3562,264,42,221775,KEN
101486,3_dose,full_coverage,3208,235,37,176335,KEN
101486,4_dose,full_coverage,4135,306,49,221775,KEN
101487,3_dose,reduced_coverage,6059,308,49,122310,KEN
101487,4_dose,reduced_coverage_lower,7315,378,60,157516,KEN
101487,4_dose,reduced_coverage,7472,386,61,157516,KEN
101487,4_dose,reduced_coverage_upper,8277,428,68,157516,KEN
101487,3_dose,full_coverage,7137,384,61,122310,KEN
101487,4_dose,full_coverage,9638,510,81,157516,KEN
101488,3_dose,reduced_coverage,3392,199,32,121878,KEN
101488,4_dose,reduced_coverage_lower,3978,235,37,155845,KEN
101488,4_dose,reduced_coverage,4274,254,40,155845,KEN
101488,4_dose,reduced_coverage_upper,4422,266,42,155845,KEN
101488,3_dose,full_coverage,4058,247,39,121878,KEN
101488,4_dose,full_coverage,5265,318,50,155845,KEN
101489,3_dose,reduced_coverage,887,72,11,140448,KEN
101489,4_dose,reduced_coverage_lower,863,69,11,177411,KEN
101489,4_dose,reduced_coverage,1032,82,13,177411,KEN
101489,4_dose,reduced_coverage_upper,1098,88,14,177411,KEN
101489,3_dose,full_coverage,1045,84,13,140448,KEN
101489,4_dose,full_coverage,1323,107,17,177411,KEN
101490,3_dose,reduced_coverage,20,2,0,3299,KEN
101490,4_dose,reduced_coverage_lower,30,2,0,4195,KEN
101490,4_dose,reduced_coverage,29,2,0,4195,KEN
101490,4_dose,reduced_coverage_upper,37,3,0,4195,KEN
101490,3_dose,full_coverage,33,3,0,3299,KEN
101490,4_dose,full_coverage,39,3,1,4195,KEN
101491,3_dose,reduced_coverage,500,44,7,132821,KEN
101491,4_dose,reduced_coverage_lower,590,52,8,168638,KEN
101491,4_dose,reduced_coverage,630,55,9,168638,KEN
101491,4_dose,reduced_coverage_upper,633,54,9,168638,KEN
101491,3_dose,full_coverage,327,29,5,132821,KEN
101491,4_dose,full_coverage,692,60,10,168638,KEN
101492,3_dose,reduced_coverage,1520,106,17,98113,KEN
101492,4_dose,reduced_coverage_lower,1626,115,18,125485,KEN
101492,4_dose,reduced_coverage,1733,120,19,125485,KEN
101492,4_dose,reduced_coverage_upper,1899,135,21,125485,KEN
101492,3_dose,full_coverage,1863,136,22,98113,KEN
101492,4_dose,full_coverage,2290,163,26,125485,KEN
101493,3_dose,reduced_coverage,177,15,2,68997,KEN
101493,4_dose,reduced_coverage_lower,290,24,4,88089,KEN
101493,4_dose,reduced_coverage,220,19,3,88089,KEN
101493,4_dose,reduced_coverage_upper,318,27,4,88089,KEN
101493,3_dose,full_coverage,382,32,5,68997,KEN
101493,4_dose,full_coverage,409,34,5,88089,KEN
101494,3_dose,reduced_coverage,802,62,10,81420,KEN
101494,4_dose,reduced_coverage_lower,1175,88,14,103467,KEN
101494,4_dose,reduced_coverage,1168,90,14,103467,KEN
101494,4_dose,reduced_coverage_upper,1247,95,15,103467,KEN
101494,3_dose,full_coverage,1123,86,14,81420,KEN
101494,4_dose,full_coverage,1321,99,16,103467,KEN
101495,3_dose,reduced_coverage,-0,-0,-0,1385,KEN
101495,4_dose,reduced_coverage_lower,0,0,0,1753,KEN
101495,4_dose,reduced_coverage,0,0,0,1753,KEN
101495,4_dose,reduced_coverage_upper,2,0,0,1753,KEN
101495,3_dose,full_coverage,-2,-0,-0,1385,KEN
101495,4_dose,full_coverage,1,0,0,1753,KEN
101496,3_dose,reduced_coverage,187,16,2,73562,KEN
101496,4_dose,reduced_coverage_lower,440,36,6,94134,KEN
101496,4_dose,reduced_coverage,374,30,5,94134,KEN
101496,4_dose,reduced_coverage_upper,406,33,5,94134,KEN
101496,3_dose,full_coverage,386,31,5,73562,KEN
101496,4_dose,full_coverage,513,41,7,94134,KEN
101497,3_dose,reduced_coverage,228,16,3,18444,KEN
101497,4_dose,reduced_coverage_lower,268,19,3,23368,KEN
101497,4_dose,reduced_coverage,302,22,3,23368,KEN
101497,4_dose,reduced_coverage_upper,280,20,3,23368,KEN
101497,3_dose,full_coverage,278,20,3,18444,KEN
101497,4_dose,full_coverage,388,28,4,23368,KEN
101498,3_dose,reduced_coverage,22249,642,102,128491,KEN
101498,4_dose,reduced_coverage_lower,26558,747,119,163357,KEN
101498,4_dose,reduced_coverage,29440,812,129,163357,KEN
101498,4_dose,reduced_coverage_upper,29916,840,133,163357,KEN
101498,3_dose,full_coverage,28834,835,132,128491,KEN
101498,4_dose,full_coverage,37052,1026,163,163357,KEN
101499,3_dose,reduced_coverage,656,45,7,43453,KEN
101499,4_dose,reduced_coverage_lower,829,57,9,54719,KEN
101499,4_dose,reduced_coverage,770,53,8,54719,KEN
101499,4_dose,reduced_coverage_upper,803,56,9,54719,KEN
101499,3_dose,full_coverage,752,52,8,43453,KEN
101499,4_dose,full_coverage,1120,78,12,54719,KEN
101500,3_dose,reduced_coverage,537,39,6,33932,KEN
101500,4_dose,reduced_coverage_lower,733,53,8,43526,KEN
101500,4_dose,reduced_coverage,708,51,8,43526,KEN
101500,4_dose,reduced_coverage_upper,737,52,8,43526,KEN
101500,3_dose,full_coverage,622,45,7,33932,KEN
101500,4_dose,full_coverage,849,61,10,43526,KEN
101501,3_dose,reduced_coverage,531,39,6,51148,KEN
101501,4_dose,reduced_coverage_lower,657,49,8,65115,KEN
101501,4_dose,reduced_coverage,463,34,5,65115,KEN
101501,4_dose,reduced_coverage_upper,496,37,6,65115,KEN
101501,3_dose,full_coverage,545,41,7,51148,KEN
101501,4_dose,full_coverage,673,51,8,65115,KEN
101502,3_dose,reduced_coverage,1186,87,14,98630,KEN
101502,4_dose,reduced_coverage_lower,1745,124,20,125409,KEN
101502,4_dose,reduced_coverage,1652,119,19,125409,KEN
101502,4_dose,reduced_coverage_upper,1935,137,22,125409,KEN
101502,3_dose,full_coverage,1614,114,18,98630,KEN
101502,4_dose,full_coverage,2239,158,25,125409,KEN
101503,3_dose,reduced_coverage,4407,219,35,74861,KEN
101503,4_dose,reduced_coverage_lower,5330,269,43,95175,KEN
101503,4_dose,reduced_coverage,5760,295,47,95175,KEN
101503,4_dose,reduced_coverage_upper,5996,300,48,95175,KEN
101503,3_dose,full_coverage,5446,277,44,74861,KEN
101503,4_dose,full_coverage,6895,352,56,95175,KEN
101504,3_dose,reduced_coverage,549,46,7,87299,KEN
101504,4_dose,reduced_coverage_lower,676,55,9,110925,KEN
101504,4_dose,reduced_coverage,661,54,9,110925,KEN
101504,4_dose,reduced_coverage_upper,745,61,10,110925,KEN
101504,3_dose,full_coverage,696,57,9,87299,KEN
101504,4_dose,full_coverage,840,69,11,110925,KEN
101505,3_dose,reduced_coverage,7972,310,49,85162,KEN
101505,4_dose,reduced_coverage_lower,10022,392,62,108357,KEN
101505,4_dose,reduced_coverage,10350,404,64,108357,KEN
101505,4_dose,reduced_coverage_upper,11042,425,67,108357,KEN
101505,3_dose,full_coverage,9565,383,61,85162,KEN
101505,4_dose,full_coverage,12967,508,81,108357,KEN
101506,3_dose,reduced_coverage,305,23,4,54182,KEN
101506,4_dose,reduced_coverage_lower,557,44,7,69459,KEN
101506,4_dose,reduced_coverage,531,42,7,69459,KEN
101506,4_dose,reduced_coverage_upper,536,42,7,69459,KEN
101506,3_dose,full_coverage,363,28,4,54182,KEN
101506,4_dose,full_coverage,589,46,7,69459,KEN
101507,3_dose,reduced_coverage,2138,113,18,47606,KEN
101507,4_dose,reduced_coverage_lower,2671,144,23,60523,KEN
101507,4_dose,reduced_coverage,2813,151,24,60523,KEN
101507,4_dose,reduced_coverage_upper,3008,159,25,60523,KEN
101507,3_dose,full_coverage,2591,141,22,47606,KEN
101507,4_dose,full_coverage,3501,186,30,60523,KEN
101605,3_dose,reduced_coverage,2206,77,13,16681,LBR
101605,4_dose,reduced_coverage_lower,2595,90,15,21280,LBR
101605,4_dose,reduced_coverage,3037,102,17,21280,LBR
101605,4_dose,reduced_coverage_upper,3088,104,17,21280,LBR
101605,3_dose,full_coverage,2637,93,15,16681,LBR
101605,4_dose,full_coverage,3454,116,19,21280,LBR
101606,3_dose,reduced_coverage,5596,208,34,48017,LBR
101606,4_dose,reduced_coverage_lower,6377,235,39,60744,LBR
101606,4_dose,reduced_coverage,7114,255,42,60744,LBR
101606,4_dose,reduced_coverage_upper,7403,269,44,60744,LBR
101606,3_dose,full_coverage,6493,238,39,48017,LBR
101606,4_dose,full_coverage,8828,318,52,60744,LBR
101607,3_dose,reduced_coverage,2257,67,11,12235,LBR
101607,4_dose,reduced_coverage_lower,2816,78,13,15667,LBR
101607,4_dose,reduced_coverage,3001,85,14,15667,LBR
101607,4_dose,reduced_coverage_upper,3104,88,15,15667,LBR
101607,3_dose,full_coverage,2744,79,13,12235,LBR
101607,4_dose,full_coverage,3564,98,16,15667,LBR
101608,3_dose,reduced_coverage,3527,94,16,17571,LBR
101608,4_dose,reduced_coverage_lower,4251,118,19,22313,LBR
101608,4_dose,reduced_coverage,4383,121,20,22313,LBR
101608,4_dose,reduced_coverage_upper,4500,124,20,22313,LBR
101608,3_dose,full_coverage,3979,112,18,17571,LBR
101608,4_dose,full_coverage,5324,147,24,22313,LBR
101609,3_dose,reduced_coverage,2673,111,18,29951,LBR
101609,4_dose,reduced_coverage_lower,3383,133,22,38290,LBR
101609,4_dose,reduced_coverage,3750,149,24,38290,LBR
101609,4_dose,reduced_coverage_upper,3939,157,26,38290,LBR
101609,3_dose,full_coverage,3385,139,23,29951,LBR
101609,4_dose,full_coverage,4557,182,30,38290,LBR
101610,3_dose,reduced_coverage,1829,74,12,18571,LBR
101610,4_dose,reduced_coverage_lower,2192,86,14,23322,LBR
101610,4_dose,reduced_coverage,2431,94,16,23322,LBR
101610,4_dose,reduced_coverage_upper,2337,92,15,23322,LBR
101610,3_dose,full_coverage,2216,82,13,18571,LBR
101610,4_dose,full_coverage,2925,114,19,23322,LBR
101611,3_dose,reduced_coverage,1587,46,8,8636,LBR
101611,4_dose,reduced_coverage_lower,1837,54,9,11036,LBR
101611,4_dose,reduced_coverage,2012,58,9,11036,LBR
101611,4_dose,reduced_coverage_upper,2129,62,10,11036,LBR
101611,3_dose,full_coverage,1865,55,9,8636,LBR
101611,4_dose,full_coverage,2380,69,11,11036,LBR
101612,3_dose,reduced_coverage,6035,216,35,41240,LBR
101612,4_dose,reduced_coverage_lower,6962,240,39,52648,LBR
101612,4_dose,reduced_coverage,7445,256,42,52648,LBR
101612,4_dose,reduced_coverage_upper,7460,253,42,52648,LBR
101612,3_dose,full_coverage,6727,238,39,41240,LBR
101612,4_dose,full_coverage,9100,309,51,52648,LBR
101613,3_dose,reduced_coverage,4641,175,29,40133,LBR
101613,4_dose,reduced_coverage_lower,5718,212,35,51167,LBR
101613,4_dose,reduced_coverage,5796,220,36,51167,LBR
101613,4_dose,reduced_coverage_upper,6143,228,37,51167,LBR
101613,3_dose,full_coverage,5833,217,36,40133,LBR
101613,4_dose,full_coverage,7253,270,44,51167,LBR
101614,3_dose,reduced_coverage,2007,75,12,17938,LBR
101614,4_dose,reduced_coverage_lower,2425,90,15,22863,LBR
101614,4_dose,reduced_coverage,2805,101,17,22863,LBR
101614,4_dose,reduced_coverage_upper,2804,102,17,22863,LBR
101614,3_dose,full_coverage,2498,91,15,17938,LBR
101614,4_dose,full_coverage,3319,121,20,22863,LBR
101615,3_dose,reduced_coverage,7414,379,62,145351,LBR
101615,4_dose,reduced_coverage_lower,9765,502,83,183441,LBR
101615,4_dose,reduced_coverage,9972,510,84,183441,LBR
101615,4_dose,reduced_coverage_upper,10082,521,86,183441,LBR
101615,3_dose,full_coverage,9255,476,78,145351,LBR
101615,4_dose,full_coverage,12272,644,106,183441,LBR
101616,3_dose,reduced_coverage,6381,258,42,70710,LBR
101616,4_dose,reduced_coverage_lower,7829,325,53,89728,LBR
101616,4_dose,reduced_coverage,7875,323,53,89728,LBR
101616,4_dose,reduced_coverage_upper,8337,345,57,89728,LBR
101616,3_dose,full_coverage,7336,301,49,70710,LBR
101616,4_dose,full_coverage,9600,395,65,89728,LBR
101617,3_dose,reduced_coverage,1217,48,8,10137,LBR
101617,4_dose,reduced_coverage_lower,1305,51,8,12905,LBR
101617,4_dose,reduced_coverage,1409,54,9,12905,LBR
101617,4_dose,reduced_coverage_upper,1430,56,9,12905,LBR
101617,3_dose,full_coverage,1315,52,8,10137,LBR
101617,4_dose,full_coverage,1668,65,11,12905,LBR
101618,3_dose,reduced_coverage,2281,70,11,11774,LBR
101618,4_dose,reduced_coverage_lower,2605,79,13,15075,LBR
101618,4_dose,reduced_coverage,2673,80,13,15075,LBR
101618,4_dose,reduced_coverage_upper,2851,86,14,15075,LBR
101618,3_dose,full_coverage,2571,77,13,11774,LBR
101618,4_dose,full_coverage,3357,99,16,15075,LBR
101619,3_dose,reduced_coverage,1994,67,11,14108,LBR
101619,4_dose,reduced_coverage_lower,2659,84,14,17921,LBR
101619,4_dose,reduced_coverage,2492,83,14,17921,LBR
101619,4_dose,reduced_coverage_upper,2645,88,14,17921,LBR
101619,3_dose,full_coverage,2563,84,14,14108,LBR
101619,4_dose,full_coverage,3118,105,17,17921,LBR
101893,3_dose,reduced_coverage,4250,283,53,353169,MLI
101893,4_dose,reduced_coverage_lower,5141,349,65,444321,MLI
101893,4_dose,reduced_coverage,5580,369,69,444321,MLI
101893,4_dose,reduced_coverage_upper,5740,396,74,444321,MLI
101893,3_dose,full_coverage,5908,397,74,353169,MLI
101893,4_dose,full_coverage,8266,566,106,444321,MLI
101894,3_dose,reduced_coverage,6366,260,49,89098,MLI
101894,4_dose,reduced_coverage_lower,7665,306,57,112655,MLI
101894,4_dose,reduced_coverage,8383,339,63,112655,MLI
101894,4_dose,reduced_coverage_upper,8857,357,67,112655,MLI
101894,3_dose,full_coverage,10203,420,79,89098,MLI
101894,4_dose,full_coverage,12686,518,97,112655,MLI
101895,3_dose,reduced_coverage,54346,1831,343,417008,MLI
101895,4_dose,reduced_coverage_lower,65976,2151,403,527302,MLI
101895,4_dose,reduced_coverage,70177,2303,431,527302,MLI
101895,4_dose,reduced_coverage_upper,71894,2327,435,527302,MLI
101895,3_dose,full_coverage,81484,2632,492,417008,MLI
101895,4_dose,full_coverage,106165,3401,636,527302,MLI
101896,3_dose,reduced_coverage,481,23,4,8667,MLI
101896,4_dose,reduced_coverage_lower,594,28,5,10982,MLI
101896,4_dose,reduced_coverage,589,28,5,10982,MLI
101896,4_dose,reduced_coverage_upper,648,30,6,10982,MLI
101896,3_dose,full_coverage,730,34,6,8667,MLI
101896,4_dose,full_coverage,997,45,8,10982,MLI
101897,3_dose,reduced_coverage,43711,1670,313,535657,MLI
101897,4_dose,reduced_coverage_lower,50473,1933,362,678016,MLI
101897,4_dose,reduced_coverage,53041,2005,375,678016,MLI
101897,4_dose,reduced_coverage_upper,55019,2075,388,678016,MLI
101897,3_dose,full_coverage,66443,2555,478,535657,MLI
101897,4_dose,full_coverage,86443,3352,627,678016,MLI
101898,3_dose,reduced_coverage,82882,1978,370,433117,MLI
101898,4_dose,reduced_coverage_lower,101317,2364,442,549169,MLI
101898,4_dose,reduced_coverage,108432,2542,476,549169,MLI
101898,4_dose,reduced_coverage_upper,113238,2686,503,549169,MLI
101898,3_dose,full_coverage,128276,3090,578,433117,MLI
101898,4_dose,full_coverage,166453,3909,731,549169,MLI
101899,3_dose,reduced_coverage,71944,2210,414,494354,MLI
101899,4_dose,reduced_coverage_lower,77804,2315,433,621564,MLI
101899,4_dose,reduced_coverage,86543,2513,470,621564,MLI
101899,4_dose,reduced_coverage_upper,89088,2653,496,621564,MLI
101899,3_dose,full_coverage,101163,3061,573,494354,MLI
101899,4_dose,full_coverage,132490,3948,739,621564,MLI
101900,3_dose,reduced_coverage,109715,2441,457,552652,MLI
101900,4_dose,reduced_coverage_lower,134738,2850,533,699196,MLI
101900,4_dose,reduced_coverage,136155,2923,547,699196,MLI
101900,4_dose,reduced_coverage_upper,143990,3060,572,699196,MLI
101900,3_dose,full_coverage,159987,3538,662,552652,MLI
101900,4_dose,full_coverage,214301,4693,878,699196,MLI
101901,3_dose,reduced_coverage,21701,498,93,121520,MLI
101901,4_dose,reduced_coverage_lower,26591,598,112,154392,MLI
101901,4_dose,reduced_coverage,28008,633,118,154392,MLI
101901,4_dose,reduced_coverage_upper,29516,654,122,154392,MLI
101901,3_dose,full_coverage,35461,807,151,121520,MLI
101901,4_dose,full_coverage,46684,1038,194,154392,MLI
101969,3_dose,reduced_coverage,50971,1390,228,269774,MOZ
101969,4_dose,reduced_coverage_lower,62474,1695,279,342088,MOZ
101969,4_dose,reduced_coverage,66864,1815,298,342088,MOZ
101969,4_dose,reduced_coverage_upper,68277,1859,306,342088,MOZ
101969,3_dose,full_coverage,68785,1871,308,269774,MOZ
101969,4_dose,full_coverage,92308,2480,408,342088,MOZ
101970,3_dose,reduced_coverage,10059,510,84,170341,MOZ
101970,4_dose,reduced_coverage_lower,11595,588,97,214350,MOZ
101970,4_dose,reduced_coverage,12645,624,103,214350,MOZ
101970,4_dose,reduced_coverage_upper,12752,641,105,214350,MOZ
101970,3_dose,full_coverage,12624,623,102,170341,MOZ
101970,4_dose,full_coverage,16686,834,137,214350,MOZ
101971,3_dose,reduced_coverage,22073,911,150,218240,MOZ
101971,4_dose,reduced_coverage_lower,25551,1048,172,275855,MOZ
101971,4_dose,reduced_coverage,27746,1112,183,275855,MOZ
101971,4_dose,reduced_coverage_upper,28696,1156,190,275855,MOZ
101971,3_dose,full_coverage,26332,1065,175,218240,MOZ
101971,4_dose,full_coverage,35318,1424,234,275855,MOZ
101972,3_dose,reduced_coverage,25973,1091,179,269799,MOZ
101972,4_dose,reduced_coverage_lower,29182,1209,199,340232,MOZ
101972,4_dose,reduced_coverage,32918,1365,224,340232,MOZ
101972,4_dose,reduced_coverage_upper,34968,1435,236,340232,MOZ
101972,3_dose,full_coverage,32067,1339,220,269799,MOZ
101972,4_dose,full_coverage,42533,1759,289,340232,MOZ
101973,3_dose,reduced_coverage,4645,263,43,124325,MOZ
101973,4_dose,reduced_coverage_lower,6021,338,56,158231,MOZ
101973,4_dose,reduced_coverage,6218,349,57,158231,MOZ
101973,4_dose,reduced_coverage_upper,6333,352,58,158231,MOZ
101973,3_dose,full_coverage,5970,342,56,124325,MOZ
101973,4_dose,full_coverage,7700,436,72,158231,MOZ
101974,3_dose,reduced_coverage,5920,398,66,295084,MOZ
101974,4_dose,reduced_coverage_lower,7153,482,79,376234,MOZ
101974,4_dose,reduced_coverage,7480,511,84,376234,MOZ
101974,4_dose,reduced_coverage_upper,8199,561,92,376234,MOZ
101974,3_dose,full_coverage,7997,541,89,295084,MOZ
101974,4_dose,full_coverage,10178,685,113,376234,MOZ
101975,3_dose,reduced_coverage,252756,4079,671,700485,MOZ
101975,4_dose,reduced_coverage_lower,299602,5405,889,890073,MOZ
101975,4_dose,reduced_coverage,298970,4717,776,890073,MOZ
101975,4_dose,reduced_coverage_upper,334365,5769,949,890073,MOZ
101975,3_dose,full_coverage,314383,5568,915,700485,MOZ
101975,4_dose,full_coverage,414043,6920,1138,890073,MOZ
101976,3_dose,reduced_coverage,42965,1280,210,229048,MOZ
101976,4_dose,reduced_coverage_lower,51786,1532,252,289854,MOZ
101976,4_dose,reduced_coverage,54500,1596,262,289854,MOZ
101976,4_dose,reduced_coverage_upper,56187,1679,276,289854,MOZ
101976,3_dose,full_coverage,52480,1575,259,229048,MOZ
101976,4_dose,full_coverage,70483,2079,342,289854,MOZ
101977,3_dose,reduced_coverage,37553,1313,216,276288,MOZ
101977,4_dose,reduced_coverage_lower,44427,1503,247,353338,MOZ
101977,4_dose,reduced_coverage,47212,1592,262,353338,MOZ
101977,4_dose,reduced_coverage_upper,50012,1656,272,353338,MOZ
101977,3_dose,full_coverage,47103,1618,266,276288,MOZ
101977,4_dose,full_coverage,61350,2063,339,353338,MOZ
101978,3_dose,reduced_coverage,51510,1726,284,350034,MOZ
101978,4_dose,reduced_coverage_lower,63142,2113,347,446734,MOZ
101978,4_dose,reduced_coverage,64495,2176,358,446734,MOZ
101978,4_dose,reduced_coverage_upper,68259,2277,374,446734,MOZ
101978,3_dose,full_coverage,68432,2330,383,350034,MOZ
101978,4_dose,full_coverage,84541,2848,468,446734,MOZ
101979,3_dose,reduced_coverage,226085,3957,651,684316,MOZ
101979,4_dose,reduced_coverage_lower,283272,5071,834,880871,MOZ
101979,4_dose,reduced_coverage,295995,4968,817,880871,MOZ
101979,4_dose,reduced_coverage_upper,330753,5621,924,880871,MOZ
101979,3_dose,full_coverage,309942,5670,932,684316,MOZ
101979,4_dose,full_coverage,390966,6522,1072,880871,MOZ
102012,3_dose,reduced_coverage,11229,346,56,59333,MWI
102012,4_dose,reduced_coverage_lower,13230,399,65,74574,MWI
102012,4_dose,reduced_coverage,14450,441,72,74574,MWI
102012,4_dose,reduced_coverage_upper,14758,443,72,74574,MWI
102012,3_dose,full_coverage,13031,388,63,59333,MWI
102012,4_dose,full_coverage,16829,502,81,74574,MWI
102013,3_dose,reduced_coverage,14655,668,108,179143,MWI
102013,4_dose,reduced_coverage_lower,18093,828,134,225500,MWI
102013,4_dose,reduced_coverage,18905,866,141,225500,MWI
102013,4_dose,reduced_coverage_upper,19377,892,145,225500,MWI
102013,3_dose,full_coverage,16327,748,121,179143,MWI
102013,4_dose,full_coverage,21682,975,158,225500,MWI
102014,3_dose,reduced_coverage,11245,388,63,77929,MWI
102014,4_dose,reduced_coverage_lower,13082,456,74,99387,MWI
102014,4_dose,reduced_coverage,13985,480,78,99387,MWI
102014,4_dose,reduced_coverage_upper,14738,500,81,99387,MWI
102014,3_dose,full_coverage,12289,438,71,77929,MWI
102014,4_dose,full_coverage,16122,559,91,99387,MWI
102015,3_dose,reduced_coverage,3117,157,25,48664,MWI
102015,4_dose,reduced_coverage_lower,4185,204,33,61684,MWI
102015,4_dose,reduced_coverage,4347,210,34,61684,MWI
102015,4_dose,reduced_coverage_upper,4502,223,36,61684,MWI
102015,3_dose,full_coverage,3882,191,31,48664,MWI
102015,4_dose,full_coverage,5111,244,40,61684,MWI
102016,3_dose,reduced_coverage,5668,185,30,31260,MWI
102016,4_dose,reduced_coverage_lower,6453,207,34,39837,MWI
102016,4_dose,reduced_coverage,6877,225,37,39837,MWI
102016,4_dose,reduced_coverage_upper,7279,234,38,39837,MWI
102016,3_dose,full_coverage,6449,210,34,31260,MWI
102016,4_dose,full_coverage,8249,258,42,39837,MWI
102017,3_dose,reduced_coverage,15980,570,93,110935,MWI
102017,4_dose,reduced_coverage_lower,20315,718,117,140349,MWI
102017,4_dose,reduced_coverage,21011,720,117,140349,MWI
102017,4_dose,reduced_coverage_upper,21946,754,122,140349,MWI
102017,3_dose,full_coverage,18862,653,106,110935,MWI
102017,4_dose,full_coverage,25034,850,138,140349,MWI
102018,3_dose,reduced_coverage,14913,514,83,97396,MWI
102018,4_dose,reduced_coverage_lower,17612,602,98,123694,MWI
102018,4_dose,reduced_coverage,17955,594,96,123694,MWI
102018,4_dose,reduced_coverage_upper,19906,676,110,123694,MWI
102018,3_dose,full_coverage,16440,572,93,97396,MWI
102018,4_dose,full_coverage,22660,759,123,123694,MWI
102019,3_dose,reduced_coverage,8863,289,47,50465,MWI
102019,4_dose,reduced_coverage_lower,10492,338,55,63768,MWI
102019,4_dose,reduced_coverage,10854,334,54,63768,MWI
102019,4_dose,reduced_coverage_upper,11294,357,58,63768,MWI
102019,3_dose,full_coverage,10161,329,53,50465,MWI
102019,4_dose,full_coverage,13245,417,68,63768,MWI
102020,3_dose,reduced_coverage,20874,628,102,111927,MWI
102020,4_dose,reduced_coverage_lower,24953,769,125,142124,MWI
102020,4_dose,reduced_coverage,26740,811,132,142124,MWI
102020,4_dose,reduced_coverage_upper,28512,861,140,142124,MWI
102020,3_dose,full_coverage,25210,780,127,111927,MWI
102020,4_dose,full_coverage,32526,979,159,142124,MWI
102021,3_dose,reduced_coverage,3,0,0,27,MWI
102021,4_dose,reduced_coverage_lower,4,0,0,34,MWI
102021,4_dose,reduced_coverage,4,0,0,34,MWI
102021,4_dose,reduced_coverage_upper,4,0,0,34,MWI
102021,3_dose,full_coverage,4,0,0,27,MWI
102021,4_dose,full_coverage,5,0,0,34,MWI
102022,3_dose,reduced_coverage,39956,1628,264,346107,MWI
102022,4_dose,reduced_coverage_lower,50491,1976,321,437317,MWI
102022,4_dose,reduced_coverage,53819,2118,344,437317,MWI
102022,4_dose,reduced_coverage_upper,56167,2227,361,437317,MWI
102022,3_dose,full_coverage,49739,1969,319,346107,MWI
102022,4_dose,full_coverage,63141,2457,399,437317,MWI
102023,3_dose,reduced_coverage,17310,531,86,86224,MWI
102023,4_dose,reduced_coverage_lower,20280,610,99,109715,MWI
102023,4_dose,reduced_coverage,20589,614,100,109715,MWI
102023,4_dose,reduced_coverage_upper,21805,651,106,109715,MWI
102023,3_dose,full_coverage,19141,587,95,86224,MWI
102023,4_dose,full_coverage,24580,738,120,109715,MWI
102024,3_dose,reduced_coverage,27896,878,142,145707,MWI
102024,4_dose,reduced_coverage_lower,31850,970,157,183646,MWI
102024,4_dose,reduced_coverage,33601,1033,168,183646,MWI
102024,4_dose,reduced_coverage_upper,35375,1070,174,183646,MWI
102024,3_dose,full_coverage,29620,935,152,145707,MWI
102024,4_dose,full_coverage,40528,1226,199,183646,MWI
102025,3_dose,reduced_coverage,10357,399,65,80094,MWI
102025,4_dose,reduced_coverage_lower,11759,438,71,102078,MWI
102025,4_dose,reduced_coverage,12463,462,75,102078,MWI
102025,4_dose,reduced_coverage_upper,13683,512,83,102078,MWI
102025,3_dose,full_coverage,11430,434,70,80094,MWI
102025,4_dose,full_coverage,15875,585,95,102078,MWI
102026,3_dose,reduced_coverage,9897,407,66,92876,MWI
102026,4_dose,reduced_coverage_lower,11440,467,76,118530,MWI
102026,4_dose,reduced_coverage,12033,485,79,118530,MWI
102026,4_dose,reduced_coverage_upper,12631,513,83,118530,MWI
102026,3_dose,full_coverage,11261,480,78,92876,MWI
102026,4_dose,full_coverage,14618,602,98,118530,MWI
102027,3_dose,reduced_coverage,2555,84,14,16216,MWI
102027,4_dose,reduced_coverage_lower,2841,93,15,20388,MWI
102027,4_dose,reduced_coverage,3156,101,16,20388,MWI
102027,4_dose,reduced_coverage_upper,3350,110,18,20388,MWI
102027,3_dose,full_coverage,2786,90,15,16216,MWI
102027,4_dose,full_coverage,3793,125,20,20388,MWI
102028,3_dose,reduced_coverage,27225,878,142,151718,MWI
102028,4_dose,reduced_coverage_lower,32135,1013,164,194814,MWI
102028,4_dose,reduced_coverage,33262,1037,168,194814,MWI
102028,4_dose,reduced_coverage_upper,36393,1122,182,194814,MWI
102028,3_dose,full_coverage,31588,984,160,151718,MWI
102028,4_dose,full_coverage,41060,1244,202,194814,MWI
102029,3_dose,reduced_coverage,3018,104,17,19063,MWI
102029,4_dose,reduced_coverage_lower,3361,114,18,24024,MWI
102029,4_dose,reduced_coverage,3628,126,20,24024,MWI
102029,4_dose,reduced_coverage_upper,3996,135,22,24024,MWI
102029,3_dose,full_coverage,3395,116,19,19063,MWI
102029,4_dose,full_coverage,4365,148,24,24024,MWI
102030,3_dose,reduced_coverage,6734,220,36,42643,MWI
102030,4_dose,reduced_coverage_lower,8169,269,44,53917,MWI
102030,4_dose,reduced_coverage,8606,280,45,53917,MWI
102030,4_dose,reduced_coverage_upper,9466,308,50,53917,MWI
102030,3_dose,full_coverage,8130,262,43,42643,MWI
102030,4_dose,full_coverage,10555,340,55,53917,MWI
102031,3_dose,reduced_coverage,11294,328,53,57568,MWI
102031,4_dose,reduced_coverage_lower,14269,420,68,72837,MWI
102031,4_dose,reduced_coverage,14781,424,69,72837,MWI
102031,4_dose,reduced_coverage_upper,15454,448,73,72837,MWI
102031,3_dose,full_coverage,12838,380,62,57568,MWI
102031,4_dose,full_coverage,17296,501,81,72837,MWI
102032,3_dose,reduced_coverage,6707,223,36,39297,MWI
102032,4_dose,reduced_coverage_lower,7509,245,40,49551,MWI
102032,4_dose,reduced_coverage,8520,275,45,49551,MWI
102032,4_dose,reduced_coverage_upper,8980,282,46,49551,MWI
102032,3_dose,full_coverage,7698,247,40,39297,MWI
102032,4_dose,full_coverage,10188,325,53,49551,MWI
102033,3_dose,reduced_coverage,14862,444,72,81897,MWI
102033,4_dose,reduced_coverage_lower,17651,523,85,104012,MWI
102033,4_dose,reduced_coverage,19242,569,92,104012,MWI
102033,4_dose,reduced_coverage_upper,19832,577,94,104012,MWI
102033,3_dose,full_coverage,16280,488,79,81897,MWI
102033,4_dose,full_coverage,23402,678,110,104012,MWI
102034,3_dose,reduced_coverage,6026,209,34,39972,MWI
102034,4_dose,reduced_coverage_lower,7432,254,41,50273,MWI
102034,4_dose,reduced_coverage,8073,274,44,50273,MWI
102034,4_dose,reduced_coverage_upper,8671,294,48,50273,MWI
102034,3_dose,full_coverage,7361,251,41,39972,MWI
102034,4_dose,full_coverage,9972,335,54,50273,MWI
102035,3_dose,reduced_coverage,5186,219,36,55912,MWI
102035,4_dose,reduced_coverage_lower,6143,261,42,71397,MWI
102035,4_dose,reduced_coverage,6557,275,45,71397,MWI
102035,4_dose,reduced_coverage_upper,6764,284,46,71397,MWI
102035,3_dose,full_coverage,5578,239,39,55912,MWI
102035,4_dose,full_coverage,7732,321,52,71397,MWI
102036,3_dose,reduced_coverage,5314,175,28,31881,MWI
102036,4_dose,reduced_coverage_lower,6265,211,34,40326,MWI
102036,4_dose,reduced_coverage,6452,215,35,40326,MWI
102036,4_dose,reduced_coverage_upper,6719,219,35,40326,MWI
102036,3_dose,full_coverage,6046,202,33,31881,MWI
102036,4_dose,full_coverage,7862,262,42,40326,MWI
102037,3_dose,reduced_coverage,8786,313,51,62194,MWI
102037,4_dose,reduced_coverage_lower,10811,376,61,79058,MWI
102037,4_dose,reduced_coverage,10857,381,62,79058,MWI
102037,4_dose,reduced_coverage_upper,11333,398,65,79058,MWI
102037,3_dose,full_coverage,9946,347,56,62194,MWI
102037,4_dose,full_coverage,12989,458,74,79058,MWI
102038,3_dose,reduced_coverage,11368,463,75,103501,MWI
102038,4_dose,reduced_coverage_lower,13228,539,87,130196,MWI
102038,4_dose,reduced_coverage,13890,573,93,130196,MWI
102038,4_dose,reduced_coverage_upper,15174,622,101,130196,MWI
102038,3_dose,full_coverage,13592,554,90,103501,MWI
102038,4_dose,full_coverage,17438,712,115,130196,MWI
102039,3_dose,reduced_coverage,11035,471,76,120833,MWI
102039,4_dose,reduced_coverage_lower,12929,540,88,153202,MWI
102039,4_dose,reduced_coverage,14613,630,102,153202,MWI
102039,4_dose,reduced_coverage_upper,14438,610,99,153202,MWI
102039,3_dose,full_coverage,13161,557,90,120833,MWI
102039,4_dose,full_coverage,17228,731,119,153202,MWI
102076,3_dose,reduced_coverage,128,11,2,18912,NAM
102076,4_dose,reduced_coverage_lower,172,13,2,24322,NAM
102076,4_dose,reduced_coverage,154,12,2,24322,NAM
102076,4_dose,reduced_coverage_upper,187,15,2,24322,NAM
102076,3_dose,full_coverage,147,12,2,18912,NAM
102076,4_dose,full_coverage,185,15,2,24322,NAM
102089,3_dose,reduced_coverage,4925,268,45,101384,NER
102089,4_dose,reduced_coverage_lower,5786,310,53,128156,NER
102089,4_dose,reduced_coverage,6161,333,56,128156,NER
102089,4_dose,reduced_coverage_upper,6257,338,57,128156,NER
102089,3_dose,full_coverage,5817,316,54,101384,NER
102089,4_dose,full_coverage,7521,409,69,128156,NER
102090,3_dose,reduced_coverage,7130,333,57,108011,NER
102090,4_dose,reduced_coverage_lower,8350,402,68,136124,NER
102090,4_dose,reduced_coverage,8706,419,71,136124,NER
102090,4_dose,reduced_coverage_upper,9334,439,74,136124,NER
102090,3_dose,full_coverage,8675,412,70,108011,NER
102090,4_dose,full_coverage,11440,546,93,136124,NER
102091,3_dose,reduced_coverage,156354,3616,614,572263,NER
102091,4_dose,reduced_coverage_lower,174746,4032,684,721091,NER
102091,4_dose,reduced_coverage,183633,4341,737,721091,NER
102091,4_dose,reduced_coverage_upper,189309,4447,755,721091,NER
102091,3_dose,full_coverage,185445,4389,745,572263,NER
102091,4_dose,full_coverage,238892,5639,957,721091,NER
102092,3_dose,reduced_coverage,128826,4451,755,872216,NER
102092,4_dose,reduced_coverage_lower,154650,5112,867,1107124,NER
102092,4_dose,reduced_coverage,163505,5287,897,1107124,NER
102092,4_dose,reduced_coverage_upper,170305,5539,940,1107124,NER
102092,3_dose,full_coverage,168409,5509,935,872216,NER
102092,4_dose,full_coverage,214230,6948,1179,1107124,NER
102093,3_dose,reduced_coverage,33553,1408,239,335086,NER
102093,4_dose,reduced_coverage_lower,37551,1609,273,422684,NER
102093,4_dose,reduced_coverage,38965,1660,282,422684,NER
102093,4_dose,reduced_coverage_upper,41991,1773,301,422684,NER
102093,3_dose,full_coverage,37360,1599,271,335086,NER
102093,4_dose,full_coverage,48660,2097,356,422684,NER
102094,3_dose,reduced_coverage,134332,3907,663,705548,NER
102094,4_dose,reduced_coverage_lower,156974,4564,774,883455,NER
102094,4_dose,reduced_coverage,168715,4835,820,883455,NER
102094,4_dose,reduced_coverage_upper,171707,4861,825,883455,NER
102094,3_dose,full_coverage,161481,4764,808,705548,NER
102094,4_dose,full_coverage,213461,6105,1036,883455,NER
102095,3_dose,reduced_coverage,81066,2906,493,687473,NER
102095,4_dose,reduced_coverage_lower,106037,3774,640,877796,NER
102095,4_dose,reduced_coverage,109745,3913,664,877796,NER
102095,4_dose,reduced_coverage_upper,114535,4050,687,877796,NER
102095,3_dose,full_coverage,106029,3893,661,687473,NER
102095,4_dose,full_coverage,139987,4948,840,877796,NER
102096,3_dose,reduced_coverage,73357,3118,529,745377,NER
102096,4_dose,reduced_coverage_lower,87151,3588,609,942794,NER
102096,4_dose,reduced_coverage,89932,3703,628,942794,NER
102096,4_dose,reduced_coverage_upper,92070,3748,636,942794,NER
102096,3_dose,full_coverage,88555,3672,623,745377,NER
102096,4_dose,full_coverage,115544,4704,798,942794,NER
102097,3_dose,reduced_coverage,16468,816,133,543933,NGA
102097,4_dose,reduced_coverage_lower,19729,1001,163,687529,NGA
102097,4_dose,reduced_coverage,20440,990,161,687529,NGA
102097,4_dose,reduced_coverage_upper,22403,1105,180,687529,NGA
102097,3_dose,full_coverage,38861,1952,317,543933,NGA
102097,4_dose,full_coverage,52769,2623,426,687529,NGA
102098,3_dose,reduced_coverage,81517,1329,216,529414,NGA
102098,4_dose,reduced_coverage_lower,103271,1533,249,669909,NGA
102098,4_dose,reduced_coverage,112213,1810,294,669909,NGA
102098,4_dose,reduced_coverage_upper,122513,2031,330,669909,NGA
102098,3_dose,full_coverage,204453,3294,535,529414,NGA
102098,4_dose,full_coverage,280305,4460,725,669909,NGA
102099,3_dose,reduced_coverage,27349,1262,205,705073,NGA
102099,4_dose,reduced_coverage_lower,31321,1436,233,897792,NGA
102099,4_dose,reduced_coverage,33546,1591,258,897792,NGA
102099,4_dose,reduced_coverage_upper,35451,1588,258,897792,NGA
102099,3_dose,full_coverage,64112,2997,487,705073,NGA
102099,4_dose,full_coverage,82618,3814,620,897792,NGA
102100,3_dose,reduced_coverage,10678,655,107,776953,NGA
102100,4_dose,reduced_coverage_lower,16536,977,159,984606,NGA
102100,4_dose,reduced_coverage,15908,994,161,984606,NGA
102100,4_dose,reduced_coverage_upper,16530,1083,176,984606,NGA
102100,3_dose,full_coverage,30037,1867,303,776953,NGA
102100,4_dose,full_coverage,39532,2427,394,984606,NGA
102101,3_dose,reduced_coverage,57137,1970,320,856579,NGA
102101,4_dose,reduced_coverage_lower,66758,2165,352,1088796,NGA
102101,4_dose,reduced_coverage,69818,2401,390,1088796,NGA
102101,4_dose,reduced_coverage_upper,77282,2529,411,1088796,NGA
102101,3_dose,full_coverage,141620,4818,783,856579,NGA
102101,4_dose,full_coverage,182060,6118,994,1088796,NGA
102102,3_dose,reduced_coverage,18507,682,111,288455,NGA
102102,4_dose,reduced_coverage_lower,22178,771,125,369070,NGA
102102,4_dose,reduced_coverage,24098,860,140,369070,NGA
102102,4_dose,reduced_coverage_upper,25076,889,144,369070,NGA
102102,3_dose,full_coverage,42605,1524,248,288455,NGA
102102,4_dose,full_coverage,58776,2043,332,369070,NGA
102103,3_dose,reduced_coverage,73720,1997,324,780048,NGA
102103,4_dose,reduced_coverage_lower,86145,2389,388,994007,NGA
102103,4_dose,reduced_coverage,104562,2684,436,994007,NGA
102103,4_dose,reduced_coverage_upper,112982,3054,496,994007,NGA
102103,3_dose,full_coverage,197396,5314,864,780048,NGA
102103,4_dose,full_coverage,264160,6832,1110,994007,NGA
102104,3_dose,reduced_coverage,45270,1556,253,768014,NGA
102104,4_dose,reduced_coverage_lower,57603,2192,356,974174,NGA
102104,4_dose,reduced_coverage,63929,2243,364,974174,NGA
102104,4_dose,reduced_coverage_upper,71752,2583,420,974174,NGA
102104,3_dose,full_coverage,114441,4296,698,768014,NGA
102104,4_dose,full_coverage,152173,5535,900,974174,NGA
102105,3_dose,reduced_coverage,53941,1505,245,538951,NGA
102105,4_dose,reduced_coverage_lower,61096,1627,264,683230,NGA
102105,4_dose,reduced_coverage,65338,1712,278,683230,NGA
102105,4_dose,reduced_coverage_upper,76313,2059,335,683230,NGA
102105,3_dose,full_coverage,139799,3741,608,538951,NGA
102105,4_dose,full_coverage,179329,4673,759,683230,NGA
102106,3_dose,reduced_coverage,20455,1087,177,726178,NGA
102106,4_dose,reduced_coverage_lower,24284,1282,208,923618,NGA
102106,4_dose,reduced_coverage,22230,1182,192,923618,NGA
102106,4_dose,reduced_coverage_upper,24297,1291,210,923618,NGA
102106,3_dose,full_coverage,40966,2185,355,726178,NGA
102106,4_dose,full_coverage,55900,2973,483,923618,NGA
102107,3_dose,reduced_coverage,30251,858,139,378853,NGA
102107,4_dose,reduced_coverage_lower,37226,1027,167,479121,NGA
102107,4_dose,reduced_coverage,37297,1090,177,479121,NGA
102107,4_dose,reduced_coverage_upper,38672,1124,183,479121,NGA
102107,3_dose,full_coverage,70744,2153,350,378853,NGA
102107,4_dose,full_coverage,95074,2843,462,479121,NGA
102108,3_dose,reduced_coverage,36575,1373,223,616999,NGA
102108,4_dose,reduced_coverage_lower,45116,1642,267,785129,NGA
102108,4_dose,reduced_coverage,44964,1626,264,785129,NGA
102108,4_dose,reduced_coverage_upper,43238,1716,279,785129,NGA
102108,3_dose,full_coverage,79220,3000,487,616999,NGA
102108,4_dose,full_coverage,104304,3963,644,785129,NGA
102109,3_dose,reduced_coverage,44734,1122,182,410039,NGA
102109,4_dose,reduced_coverage_lower,53689,1340,218,526195,NGA
102109,4_dose,reduced_coverage,52596,1314,214,526195,NGA
102109,4_dose,reduced_coverage_upper,60862,1495,243,526195,NGA
102109,3_dose,full_coverage,102620,2662,433,410039,NGA
102109,4_dose,full_coverage,137352,3398,552,526195,NGA
102110,3_dose,reduced_coverage,12487,662,108,598379,NGA
102110,4_dose,reduced_coverage_lower,15930,820,133,758805,NGA
102110,4_dose,reduced_coverage,17902,975,158,758805,NGA
102110,4_dose,reduced_coverage_upper,17552,936,152,758805,NGA
102110,3_dose,full_coverage,31490,1731,281,598379,NGA
102110,4_dose,full_coverage,42017,2320,377,758805,NGA
102111,3_dose,reduced_coverage,13094,487,79,230147,NGA
102111,4_dose,reduced_coverage_lower,15327,587,95,291206,NGA
102111,4_dose,reduced_coverage,16472,643,105,291206,NGA
102111,4_dose,reduced_coverage_upper,17277,668,109,291206,NGA
102111,3_dose,full_coverage,30283,1207,196,230147,NGA
102111,4_dose,full_coverage,38973,1523,248,291206,NGA
102112,3_dose,reduced_coverage,59871,1254,204,442245,NGA
102112,4_dose,reduced_coverage_lower,67893,1352,220,563824,NGA
102112,4_dose,reduced_coverage,80902,1602,260,563824,NGA
102112,4_dose,reduced_coverage_upper,80734,1585,258,563824,NGA
102112,3_dose,full_coverage,150993,3124,508,442245,NGA
102112,4_dose,full_coverage,195531,3848,625,563824,NGA
102113,3_dose,reduced_coverage,15943,917,149,697729,NGA
102113,4_dose,reduced_coverage_lower,19244,1019,166,896755,NGA
102113,4_dose,reduced_coverage,19933,1056,172,896755,NGA
102113,4_dose,reduced_coverage_upper,25206,1373,223,896755,NGA
102113,3_dose,full_coverage,42760,2415,392,697729,NGA
102113,4_dose,full_coverage,50855,2813,457,896755,NGA
102114,3_dose,reduced_coverage,69880,2170,353,829211,NGA
102114,4_dose,reduced_coverage_lower,86518,2672,434,1047192,NGA
102114,4_dose,reduced_coverage,87392,2678,435,1047192,NGA
102114,4_dose,reduced_coverage_upper,94877,2921,475,1047192,NGA
102114,3_dose,full_coverage,171579,5376,874,829211,NGA
102114,4_dose,full_coverage,214789,6602,1073,1047192,NGA
102115,3_dose,reduced_coverage,175994,3791,616,1128605,NGA
102115,4_dose,reduced_coverage_lower,193330,4136,672,1430554,NGA
102115,4_dose,reduced_coverage,218493,4418,718,1430554,NGA
102115,4_dose,reduced_coverage_upper,221282,4495,730,1430554,NGA
102115,3_dose,full_coverage,379849,8284,1346,1128605,NGA
102115,4_dose,full_coverage,504717,10590,1721,1430554,NGA
102116,3_dose,reduced_coverage,130200,4581,745,1748385,NGA
102116,4_dose,reduced_coverage_lower,146756,5111,831,2212569,NGA
102116,4_dose,reduced_coverage,161233,5799,942,2212569,NGA
102116,4_dose,reduced_coverage_upper,155664,5448,885,2212569,NGA
102116,3_dose,full_coverage,286886,10108,1643,1748385,NGA
102116,4_dose,full_coverage,382196,13430,2182,2212569,NGA
102117,3_dose,reduced_coverage,119826,3167,515,1065523,NGA
102117,4_dose,reduced_coverage_lower,123486,3086,502,1364885,NGA
102117,4_dose,reduced_coverage,146889,3944,641,1364885,NGA
102117,4_dose,reduced_coverage_upper,151199,4161,676,1364885,NGA
102117,3_dose,full_coverage,273109,7330,1191,1065523,NGA
102117,4_dose,full_coverage,348228,9261,1505,1364885,NGA
102118,3_dose,reduced_coverage,135465,1835,298,605579,NGA
102118,4_dose,reduced_coverage_lower,160090,2067,336,766321,NGA
102118,4_dose,reduced_coverage,172491,2087,339,766321,NGA
102118,4_dose,reduced_coverage_upper,177203,2293,373,766321,NGA
102118,3_dose,full_coverage,288687,3861,627,605579,NGA
102118,4_dose,full_coverage,381891,4844,787,766321,NGA
102119,3_dose,reduced_coverage,25624,1144,186,615543,NGA
102119,4_dose,reduced_coverage_lower,25847,1156,188,783419,NGA
102119,4_dose,reduced_coverage,29124,1329,216,783419,NGA
102119,4_dose,reduced_coverage_upper,30068,1342,218,783419,NGA
102119,3_dose,full_coverage,54255,2485,404,615543,NGA
102119,4_dose,full_coverage,68997,3126,508,783419,NGA
102120,3_dose,reduced_coverage,61159,1309,213,461682,NGA
102120,4_dose,reduced_coverage_lower,70515,1649,268,579196,NGA
102120,4_dose,reduced_coverage,75322,1610,262,579196,NGA
102120,4_dose,reduced_coverage_upper,79569,1654,269,579196,NGA
102120,3_dose,full_coverage,133813,3091,502,461682,NGA
102120,4_dose,full_coverage,177396,4149,674,579196,NGA
102121,3_dose,reduced_coverage,23206,1411,229,1813386,NGA
102121,4_dose,reduced_coverage_lower,25236,1603,261,2298225,NGA
102121,4_dose,reduced_coverage,28251,1891,307,2298225,NGA
102121,4_dose,reduced_coverage_upper,32239,2106,342,2298225,NGA
102121,3_dose,full_coverage,45707,3022,491,1813386,NGA
102121,4_dose,full_coverage,56763,3830,622,2298225,NGA
102122,3_dose,reduced_coverage,42207,959,156,352116,NGA
102122,4_dose,reduced_coverage_lower,53299,1208,196,452355,NGA
102122,4_dose,reduced_coverage,53354,1290,210,452355,NGA
102122,4_dose,reduced_coverage_upper,57068,1238,201,452355,NGA
102122,3_dose,full_coverage,107151,2498,406,352116,NGA
102122,4_dose,full_coverage,136715,3043,495,452355,NGA
102123,3_dose,reduced_coverage,85789,1696,276,712204,NGA
102123,4_dose,reduced_coverage_lower,110200,2270,369,900871,NGA
102123,4_dose,reduced_coverage,120114,2588,421,900871,NGA
102123,4_dose,reduced_coverage_upper,133109,2621,426,900871,NGA
102123,3_dose,full_coverage,231438,4909,798,712204,NGA
102123,4_dose,full_coverage,298483,6240,1014,900871,NGA
102124,3_dose,reduced_coverage,45075,1524,248,670160,NGA
102124,4_dose,reduced_coverage_lower,52870,1825,297,850673,NGA
102124,4_dose,reduced_coverage,53582,1775,289,850673,NGA
102124,4_dose,reduced_coverage_upper,59226,2023,329,850673,NGA
102124,3_dose,full_coverage,107098,3650,593,670160,NGA
102124,4_dose,full_coverage,143020,4908,798,850673,NGA
102125,3_dose,reduced_coverage,52109,1212,197,573009,NGA
102125,4_dose,reduced_coverage_lower,71262,1658,269,730211,NGA
102125,4_dose,reduced_coverage,79788,2003,325,730211,NGA
102125,4_dose,reduced_coverage_upper,77501,1872,304,730211,NGA
102125,3_dose,full_coverage,140196,3506,570,573009,NGA
102125,4_dose,full_coverage,183827,4596,747,730211,NGA
102126,3_dose,reduced_coverage,82684,2142,348,722889,NGA
102126,4_dose,reduced_coverage_lower,99471,2401,390,925293,NGA
102126,4_dose,reduced_coverage,102824,2503,407,925293,NGA
102126,4_dose,reduced_coverage_upper,108615,2740,445,925293,NGA
102126,3_dose,full_coverage,193269,5151,837,722889,NGA
102126,4_dose,full_coverage,257637,6490,1055,925293,NGA
102127,3_dose,reduced_coverage,129518,2917,474,1060077,NGA
102127,4_dose,reduced_coverage_lower,154227,3444,560,1344152,NGA
102127,4_dose,reduced_coverage,181157,4038,656,1344152,NGA
102127,4_dose,reduced_coverage_upper,168072,3687,599,1344152,NGA
102127,3_dose,full_coverage,325601,7320,1190,1060077,NGA
102127,4_dose,full_coverage,410335,9341,1518,1344152,NGA
102128,3_dose,reduced_coverage,70770,1658,269,593633,NGA
102128,4_dose,reduced_coverage_lower,86836,1816,295,756055,NGA
102128,4_dose,reduced_coverage,97506,2278,370,756055,NGA
102128,4_dose,reduced_coverage_upper,84649,1789,291,756055,NGA
102128,3_dose,full_coverage,183167,4057,659,593633,NGA
102128,4_dose,full_coverage,240507,5205,846,756055,NGA
102129,3_dose,reduced_coverage,10339,600,98,805734,NGA
102129,4_dose,reduced_coverage_lower,11936,661,107,1021058,NGA
102129,4_dose,reduced_coverage,15028,826,134,1021058,NGA
102129,4_dose,reduced_coverage_upper,14564,821,133,1021058,NGA
102129,3_dose,full_coverage,35919,2026,329,805734,NGA
102129,4_dose,full_coverage,50439,2819,458,1021058,NGA
102130,3_dose,reduced_coverage,134431,1758,286,661067,NGA
102130,4_dose,reduced_coverage_lower,179401,2566,417,851497,NGA
102130,4_dose,reduced_coverage,175016,2354,383,851497,NGA
102130,4_dose,reduced_coverage_upper,188345,2565,417,851497,NGA
102130,3_dose,full_coverage,339027,4926,800,661067,NGA
102130,4_dose,full_coverage,415102,5577,906,851497,NGA
102131,3_dose,reduced_coverage,73738,1228,200,427040,NGA
102131,4_dose,reduced_coverage_lower,101168,1650,268,537916,NGA
102131,4_dose,reduced_coverage,99603,1429,232,537916,NGA
102131,4_dose,reduced_coverage_upper,101455,1639,266,537916,NGA
102131,3_dose,full_coverage,178523,2923,475,427040,NGA
102131,4_dose,full_coverage,243390,3847,625,537916,NGA
102132,3_dose,reduced_coverage,31777,996,162,428632,NGA
102132,4_dose,reduced_coverage_lower,41042,1169,190,546722,NGA
102132,4_dose,reduced_coverage,42874,1252,203,546722,NGA
102132,4_dose,reduced_coverage_upper,46686,1417,230,546722,NGA
102132,3_dose,full_coverage,88559,2749,447,428632,NGA
102132,4_dose,full_coverage,112238,3429,557,546722,NGA
102133,3_dose,reduced_coverage,152722,2368,385,599648,NGA
102133,4_dose,reduced_coverage_lower,178948,2615,425,758761,NGA
102133,4_dose,reduced_coverage,187605,2831,460,758761,NGA
102133,4_dose,reduced_coverage_upper,168727,2472,402,758761,NGA
102133,3_dose,full_coverage,315642,4492,730,599648,NGA
102133,4_dose,full_coverage,417290,5619,913,758761,NGA
102759,3_dose,reduced_coverage,48496,991,156,162917,SLE
102759,4_dose,reduced_coverage_lower,63963,1266,200,207989,SLE
102759,4_dose,reduced_coverage,66993,1339,211,207989,SLE
102759,4_dose,reduced_coverage_upper,66188,1312,207,207989,SLE
102759,3_dose,full_coverage,59441,1240,196,162917,SLE
102759,4_dose,full_coverage,73756,1457,230,207989,SLE
102760,3_dose,reduced_coverage,70948,1425,225,223983,SLE
102760,4_dose,reduced_coverage_lower,83933,1643,259,286334,SLE
102760,4_dose,reduced_coverage,93068,1834,290,286334,SLE
102760,4_dose,reduced_coverage_upper,94851,1823,288,286334,SLE
102760,3_dose,full_coverage,82439,1686,266,223983,SLE
102760,4_dose,full_coverage,105264,2040,322,286334,SLE
102761,3_dose,reduced_coverage,35887,836,132,142668,SLE
102761,4_dose,reduced_coverage_lower,41234,954,151,179181,SLE
102761,4_dose,reduced_coverage,42406,974,154,179181,SLE
102761,4_dose,reduced_coverage_upper,47249,1086,171,179181,SLE
102761,3_dose,full_coverage,40484,968,153,142668,SLE
102761,4_dose,full_coverage,53566,1259,199,179181,SLE
102762,3_dose,reduced_coverage,9026,389,61,106253,SLE
102762,4_dose,reduced_coverage_lower,10636,464,73,133357,SLE
102762,4_dose,reduced_coverage,11711,503,79,133357,SLE
102762,4_dose,reduced_coverage_upper,11909,523,83,133357,SLE
102762,3_dose,full_coverage,9886,446,70,106253,SLE
102762,4_dose,full_coverage,13449,589,93,133357,SLE
102831,3_dose,reduced_coverage,6439,271,52,191066,SSD
102831,4_dose,reduced_coverage_lower,8106,335,64,244972,SSD
102831,4_dose,reduced_coverage,7564,318,61,244972,SSD
102831,4_dose,reduced_coverage_upper,7804,344,65,244972,SSD
102831,3_dose,full_coverage,23265,974,185,191066,SSD
102831,4_dose,full_coverage,29272,1177,224,244972,SSD
102832,3_dose,reduced_coverage,5294,178,34,144493,SSD
102832,4_dose,reduced_coverage_lower,7167,242,46,185233,SSD
102832,4_dose,reduced_coverage,7633,265,50,185233,SSD
102832,4_dose,reduced_coverage_upper,8706,273,52,185233,SSD
102832,3_dose,full_coverage,26521,876,166,144493,SSD
102832,4_dose,full_coverage,33393,1066,203,185233,SSD
102833,3_dose,reduced_coverage,4169,219,42,241578,SSD
102833,4_dose,reduced_coverage_lower,4569,239,45,307736,SSD
102833,4_dose,reduced_coverage,5157,261,50,307736,SSD
102833,4_dose,reduced_coverage_upper,5104,265,50,307736,SSD
102833,3_dose,full_coverage,14800,763,145,241578,SSD
102833,4_dose,full_coverage,20220,1048,199,307736,SSD
102834,3_dose,reduced_coverage,2336,94,18,123160,SSD
102834,4_dose,reduced_coverage_lower,2758,108,21,156681,SSD
102834,4_dose,reduced_coverage,2695,103,20,156681,SSD
102834,4_dose,reduced_coverage_upper,3105,138,26,156681,SSD
102834,3_dose,full_coverage,9445,437,83,123160,SSD
102834,4_dose,full_coverage,12204,573,109,156681,SSD
102835,3_dose,reduced_coverage,2347,125,24,149761,SSD
102835,4_dose,reduced_coverage_lower,3351,185,35,189405,SSD
102835,4_dose,reduced_coverage,3471,188,36,189405,SSD
102835,4_dose,reduced_coverage_upper,3349,188,36,189405,SSD
102835,3_dose,full_coverage,7996,448,85,149761,SSD
102835,4_dose,full_coverage,9959,559,106,189405,SSD
102836,3_dose,reduced_coverage,1048,63,12,104924,SSD
102836,4_dose,reduced_coverage_lower,1209,67,13,133461,SSD
102836,4_dose,reduced_coverage,1209,69,13,133461,SSD
102836,4_dose,reduced_coverage_upper,1426,81,15,133461,SSD
102836,3_dose,full_coverage,4528,261,50,104924,SSD
102836,4_dose,full_coverage,6063,347,66,133461,SSD
102837,3_dose,reduced_coverage,2761,157,30,176762,SSD
102837,4_dose,reduced_coverage_lower,2800,162,31,224743,SSD
102837,4_dose,reduced_coverage,3281,177,34,224743,SSD
102837,4_dose,reduced_coverage_upper,3174,187,35,224743,SSD
102837,3_dose,full_coverage,8422,483,92,176762,SSD
102837,4_dose,full_coverage,11398,650,124,224743,SSD
102838,3_dose,reduced_coverage,1662,99,19,148748,SSD
102838,4_dose,reduced_coverage_lower,1960,119,23,189350,SSD
102838,4_dose,reduced_coverage,2231,133,25,189350,SSD
102838,4_dose,reduced_coverage_upper,2267,139,26,189350,SSD
102838,3_dose,full_coverage,6100,369,70,148748,SSD
102838,4_dose,full_coverage,7912,472,90,189350,SSD
102839,3_dose,reduced_coverage,792,36,7,44236,SSD
102839,4_dose,reduced_coverage_lower,1161,52,10,56005,SSD
102839,4_dose,reduced_coverage,1160,54,10,56005,SSD
102839,4_dose,reduced_coverage_upper,1442,67,13,56005,SSD
102839,3_dose,full_coverage,3607,165,31,44236,SSD
102839,4_dose,full_coverage,4681,215,41,56005,SSD
102840,3_dose,reduced_coverage,4435,161,31,110488,SSD
102840,4_dose,reduced_coverage_lower,5553,192,37,140398,SSD
102840,4_dose,reduced_coverage,6092,219,42,140398,SSD
102840,4_dose,reduced_coverage_upper,5448,191,36,140398,SSD
102840,3_dose,full_coverage,16457,607,115,110488,SSD
102840,4_dose,full_coverage,21422,780,148,140398,SSD
102944,3_dose,reduced_coverage,988,53,10,42302,TCD
102944,4_dose,reduced_coverage_lower,1043,56,11,53568,TCD
102944,4_dose,reduced_coverage,1049,57,11,53568,TCD
102944,4_dose,reduced_coverage_upper,1224,68,13,53568,TCD
102944,3_dose,full_coverage,2011,115,22,42302,TCD
102944,4_dose,full_coverage,2640,149,29,53568,TCD
102945,3_dose,reduced_coverage,1997,126,25,94032,TCD
102945,4_dose,reduced_coverage_lower,2166,130,25,118719,TCD
102945,4_dose,reduced_coverage,2180,125,24,118719,TCD
102945,4_dose,reduced_coverage_upper,2457,144,28,118719,TCD
102945,3_dose,full_coverage,3887,235,46,94032,TCD
102945,4_dose,full_coverage,5313,323,63,118719,TCD
102946,3_dose,reduced_coverage,20,1,0,870,TCD
102946,4_dose,reduced_coverage_lower,23,1,0,1107,TCD
102946,4_dose,reduced_coverage,23,1,0,1107,TCD
102946,4_dose,reduced_coverage_upper,25,1,0,1107,TCD
102946,3_dose,full_coverage,44,2,0,870,TCD
102946,4_dose,full_coverage,61,3,1,1107,TCD
102947,3_dose,reduced_coverage,3636,161,31,125894,TCD
102947,4_dose,reduced_coverage_lower,4704,209,41,159508,TCD
102947,4_dose,reduced_coverage,4780,228,44,159508,TCD
102947,4_dose,reduced_coverage_upper,4905,228,44,159508,TCD
102947,3_dose,full_coverage,8879,419,82,125894,TCD
102947,4_dose,full_coverage,12166,575,112,159508,TCD
102948,3_dose,reduced_coverage,143,8,2,6631,TCD
102948,4_dose,reduced_coverage_lower,165,9,2,8407,TCD
102948,4_dose,reduced_coverage,172,10,2,8407,TCD
102948,4_dose,reduced_coverage_upper,162,9,2,8407,TCD
102948,3_dose,full_coverage,305,18,3,6631,TCD
102948,4_dose,full_coverage,389,23,5,8407,TCD
102949,3_dose,reduced_coverage,29,2,0,2018,TCD
102949,4_dose,reduced_coverage_lower,30,2,0,2544,TCD
102949,4_dose,reduced_coverage,38,2,0,2544,TCD
102949,4_dose,reduced_coverage_upper,38,2,0,2544,TCD
102949,3_dose,full_coverage,65,4,1,2018,TCD
102949,4_dose,full_coverage,91,6,1,2544,TCD
102950,3_dose,reduced_coverage,2368,133,26,107490,TCD
102950,4_dose,reduced_coverage_lower,2898,157,31,136215,TCD
102950,4_dose,reduced_coverage,3263,179,35,136215,TCD
102950,4_dose,reduced_coverage_upper,3597,190,37,136215,TCD
102950,3_dose,full_coverage,5980,326,63,107490,TCD
102950,4_dose,full_coverage,7926,424,83,136215,TCD
102951,3_dose,reduced_coverage,3279,160,31,111441,TCD
102951,4_dose,reduced_coverage_lower,3971,194,38,139841,TCD
102951,4_dose,reduced_coverage,3911,196,38,139841,TCD
102951,4_dose,reduced_coverage_upper,4743,233,45,139841,TCD
102951,3_dose,full_coverage,7905,394,77,111441,TCD
102951,4_dose,full_coverage,10171,510,99,139841,TCD
102952,3_dose,reduced_coverage,1847,83,16,54690,TCD
102952,4_dose,reduced_coverage_lower,2003,95,18,69422,TCD
102952,4_dose,reduced_coverage,2264,108,21,69422,TCD
102952,4_dose,reduced_coverage_upper,2395,114,22,69422,TCD
102952,3_dose,full_coverage,4146,200,39,54690,TCD
102952,4_dose,full_coverage,5197,251,49,69422,TCD
102953,3_dose,reduced_coverage,2797,143,28,86719,TCD
102953,4_dose,reduced_coverage_lower,2650,138,27,109876,TCD
102953,4_dose,reduced_coverage,3221,170,33,109876,TCD
102953,4_dose,reduced_coverage_upper,3692,188,37,109876,TCD
102953,3_dose,full_coverage,5514,291,57,86719,TCD
102953,4_dose,full_coverage,6751,359,70,109876,TCD
102954,3_dose,reduced_coverage,2128,114,22,94633,TCD
102954,4_dose,reduced_coverage_lower,2662,131,25,119732,TCD
102954,4_dose,reduced_coverage,2587,130,25,119732,TCD
102954,4_dose,reduced_coverage_upper,2799,140,27,119732,TCD
102954,3_dose,full_coverage,5638,292,57,94633,TCD
102954,4_dose,full_coverage,7686,396,77,119732,TCD
102955,3_dose,reduced_coverage,6465,324,63,191366,TCD
102955,4_dose,reduced_coverage_lower,8760,417,81,242763,TCD
102955,4_dose,reduced_coverage,10479,434,85,242763,TCD
102955,4_dose,reduced_coverage_upper,10600,457,89,242763,TCD
102955,3_dose,full_coverage,18879,810,158,191366,TCD
102955,4_dose,full_coverage,24672,1059,206,242763,TCD
102956,3_dose,reduced_coverage,5709,242,47,121900,TCD
102956,4_dose,reduced_coverage_lower,6814,282,55,154769,TCD
102956,4_dose,reduced_coverage,6472,280,55,154769,TCD
102956,4_dose,reduced_coverage_upper,7199,298,58,154769,TCD
102956,3_dose,full_coverage,13981,592,115,121900,TCD
102956,4_dose,full_coverage,18275,756,147,154769,TCD
102957,3_dose,reduced_coverage,3734,198,39,142521,TCD
102957,4_dose,reduced_coverage_lower,4282,220,43,181379,TCD
102957,4_dose,reduced_coverage,4479,242,47,181379,TCD
102957,4_dose,reduced_coverage_upper,4721,234,46,181379,TCD
102957,3_dose,full_coverage,8316,445,87,142521,TCD
102957,4_dose,full_coverage,10814,572,111,181379,TCD
102958,3_dose,reduced_coverage,3224,164,32,107787,TCD
102958,4_dose,reduced_coverage_lower,3788,195,38,136063,TCD
102958,4_dose,reduced_coverage,3580,185,36,136063,TCD
102958,4_dose,reduced_coverage_upper,3729,193,38,136063,TCD
102958,3_dose,full_coverage,6953,361,70,107787,TCD
102958,4_dose,full_coverage,9200,470,92,136063,TCD
102959,3_dose,reduced_coverage,5382,226,44,114414,TCD
102959,4_dose,reduced_coverage_lower,7141,301,59,145640,TCD
102959,4_dose,reduced_coverage,7316,305,59,145640,TCD
102959,4_dose,reduced_coverage_upper,7424,307,60,145640,TCD
102959,3_dose,full_coverage,13246,549,107,114414,TCD
102959,4_dose,full_coverage,16888,701,137,145640,TCD
102960,3_dose,reduced_coverage,1768,120,23,142543,TCD
102960,4_dose,reduced_coverage_lower,2133,143,28,181989,TCD
102960,4_dose,reduced_coverage,1905,140,27,181989,TCD
102960,4_dose,reduced_coverage_upper,2628,180,35,181989,TCD
102960,3_dose,full_coverage,4576,298,58,142543,TCD
102960,4_dose,full_coverage,5750,377,73,181989,TCD
102961,3_dose,reduced_coverage,3022,127,25,59344,TCD
102961,4_dose,reduced_coverage_lower,2721,112,22,75504,TCD
102961,4_dose,reduced_coverage,2739,121,24,75504,TCD
102961,4_dose,reduced_coverage_upper,2967,124,24,75504,TCD
102961,3_dose,full_coverage,6290,270,53,59344,TCD
102961,4_dose,full_coverage,7516,327,64,75504,TCD
102962,3_dose,reduced_coverage,1590,85,16,63098,TCD
102962,4_dose,reduced_coverage_lower,1710,92,18,80835,TCD
102962,4_dose,reduced_coverage,1879,103,20,80835,TCD
102962,4_dose,reduced_coverage_upper,2247,122,24,80835,TCD
102962,3_dose,full_coverage,3700,202,39,63098,TCD
102962,4_dose,full_coverage,4577,250,49,80835,TCD
102963,3_dose,reduced_coverage,3335,188,37,131532,TCD
102963,4_dose,reduced_coverage_lower,3257,182,35,166320,TCD
102963,4_dose,reduced_coverage,3653,211,41,166320,TCD
102963,4_dose,reduced_coverage_upper,4079,229,45,166320,TCD
102963,3_dose,full_coverage,7434,419,82,131532,TCD
102963,4_dose,full_coverage,9353,522,102,166320,TCD
102964,3_dose,reduced_coverage,0,0,0,6,TCD
102964,4_dose,reduced_coverage_lower,0,0,0,8,TCD
102964,4_dose,reduced_coverage,0,0,0,8,TCD
102964,4_dose,reduced_coverage_upper,0,0,0,8,TCD
102964,3_dose,full_coverage,0,0,0,6,TCD
102964,4_dose,full_coverage,0,0,0,8,TCD
102965,3_dose,reduced_coverage,7479,307,60,169356,TCD
102965,4_dose,reduced_coverage_lower,7218,309,60,214156,TCD
102965,4_dose,reduced_coverage,7991,351,68,214156,TCD
102965,4_dose,reduced_coverage_upper,8780,373,73,214156,TCD
102965,3_dose,full_coverage,17228,757,148,169356,TCD
102965,4_dose,full_coverage,22043,969,189,214156,TCD
102966,3_dose,reduced_coverage,1602,104,20,96564,TCD
102966,4_dose,reduced_coverage_lower,1558,100,20,123103,TCD
102966,4_dose,reduced_coverage,1661,107,21,123103,TCD
102966,4_dose,reduced_coverage_upper,1509,99,19,123103,TCD
102966,3_dose,full_coverage,2924,193,38,96564,TCD
102966,4_dose,full_coverage,3528,232,45,123103,TCD
102967,3_dose,reduced_coverage,22302,462,84,81344,TGO
102967,4_dose,reduced_coverage_lower,27770,574,104,104574,TGO
102967,4_dose,reduced_coverage,25511,551,100,104574,TGO
102967,4_dose,reduced_coverage_upper,27558,636,115,104574,TGO
102967,3_dose,full_coverage,24446,516,94,81344,TGO
102967,4_dose,full_coverage,31776,660,120,104574,TGO
102968,3_dose,reduced_coverage,26243,667,121,103203,TGO
102968,4_dose,reduced_coverage_lower,28700,688,125,132063,TGO
102968,4_dose,reduced_coverage,31745,756,137,132063,TGO
102968,4_dose,reduced_coverage_upper,34757,827,150,132063,TGO
102968,3_dose,full_coverage,27537,670,122,103203,TGO
102968,4_dose,full_coverage,36907,850,154,132063,TGO
102969,3_dose,reduced_coverage,81437,2121,385,335234,TGO
102969,4_dose,reduced_coverage_lower,98322,2527,458,425209,TGO
102969,4_dose,reduced_coverage,105591,2750,499,425209,TGO
102969,4_dose,reduced_coverage_upper,106242,2745,498,425209,TGO
102969,3_dose,full_coverage,87605,2267,411,335234,TGO
102969,4_dose,full_coverage,118918,2990,542,425209,TGO
102970,3_dose,reduced_coverage,58368,1205,219,182266,TGO
102970,4_dose,reduced_coverage_lower,71971,1444,262,232323,TGO
102970,4_dose,reduced_coverage,73499,1385,251,232323,TGO
102970,4_dose,reduced_coverage_upper,76334,1544,280,232323,TGO
102970,3_dose,full_coverage,63587,1247,226,182266,TGO
102970,4_dose,full_coverage,82537,1579,286,232323,TGO
102971,3_dose,reduced_coverage,17467,572,104,110524,TGO
102971,4_dose,reduced_coverage_lower,19891,645,117,139497,TGO
102971,4_dose,reduced_coverage,20931,687,125,139497,TGO
102971,4_dose,reduced_coverage_upper,22718,731,133,139497,TGO
102971,3_dose,full_coverage,18060,573,104,110524,TGO
102971,4_dose,full_coverage,23882,776,141,139497,TGO
103217,3_dose,reduced_coverage,7938,535,78,269531,TZA
103217,4_dose,reduced_coverage_lower,8474,570,83,345020,TZA
103217,4_dose,reduced_coverage,8952,595,86,345020,TZA
103217,4_dose,reduced_coverage_upper,9234,602,87,345020,TZA
103217,3_dose,full_coverage,7730,518,75,269531,TZA
103217,4_dose,full_coverage,9805,642,93,345020,TZA
103218,3_dose,reduced_coverage,21941,1266,184,489445,TZA
103218,4_dose,reduced_coverage_lower,27532,1576,229,618002,TZA
103218,4_dose,reduced_coverage,29361,1711,249,618002,TZA
103218,4_dose,reduced_coverage_upper,29474,1700,247,618002,TZA
103218,3_dose,full_coverage,23238,1365,198,489445,TZA
103218,4_dose,full_coverage,31243,1795,261,618002,TZA
103219,3_dose,reduced_coverage,16105,981,143,352745,TZA
103219,4_dose,reduced_coverage_lower,19313,1169,170,445739,TZA
103219,4_dose,reduced_coverage,19550,1188,172,445739,TZA
103219,4_dose,reduced_coverage_upper,19926,1192,173,445739,TZA
103219,3_dose,full_coverage,15746,940,136,352745,TZA
103219,4_dose,full_coverage,21620,1293,188,445739,TZA
103220,3_dose,reduced_coverage,32165,1282,186,264828,TZA
103220,4_dose,reduced_coverage_lower,34846,1385,201,337215,TZA
103220,4_dose,reduced_coverage,39719,1566,227,337215,TZA
103220,4_dose,reduced_coverage_upper,40204,1592,231,337215,TZA
103220,3_dose,full_coverage,31134,1238,180,264828,TZA
103220,4_dose,full_coverage,42249,1671,243,337215,TZA
103221,3_dose,reduced_coverage,7560,434,63,151355,TZA
103221,4_dose,reduced_coverage_lower,9061,523,76,193164,TZA
103221,4_dose,reduced_coverage,9621,551,80,193164,TZA
103221,4_dose,reduced_coverage_upper,9906,572,83,193164,TZA
103221,3_dose,full_coverage,7448,431,63,151355,TZA
103221,4_dose,full_coverage,9947,571,83,193164,TZA
103222,3_dose,reduced_coverage,25887,1304,189,413462,TZA
103222,4_dose,reduced_coverage_lower,31293,1621,235,526730,TZA
103222,4_dose,reduced_coverage,32117,1643,239,526730,TZA
103222,4_dose,reduced_coverage_upper,34206,1740,253,526730,TZA
103222,3_dose,full_coverage,26352,1360,198,413462,TZA
103222,4_dose,full_coverage,34149,1736,252,526730,TZA
103223,3_dose,reduced_coverage,7384,343,50,95114,TZA
103223,4_dose,reduced_coverage_lower,8597,407,59,120592,TZA
103223,4_dose,reduced_coverage,9204,444,65,120592,TZA
103223,4_dose,reduced_coverage_upper,9897,466,68,120592,TZA
103223,3_dose,full_coverage,7898,377,55,95114,TZA
103223,4_dose,full_coverage,10033,476,69,120592,TZA
103224,3_dose,reduced_coverage,27046,1222,177,309228,TZA
103224,4_dose,reduced_coverage_lower,33368,1486,216,391015,TZA
103224,4_dose,reduced_coverage,34575,1554,226,391015,TZA
103224,4_dose,reduced_coverage_upper,36050,1611,234,391015,TZA
103224,3_dose,full_coverage,27903,1260,183,309228,TZA
103224,4_dose,full_coverage,36388,1617,235,391015,TZA
103225,3_dose,reduced_coverage,5948,427,62,258065,TZA
103225,4_dose,reduced_coverage_lower,7274,504,73,328175,TZA
103225,4_dose,reduced_coverage,7697,538,78,328175,TZA
103225,4_dose,reduced_coverage_upper,7583,529,77,328175,TZA
103225,3_dose,full_coverage,5685,397,58,258065,TZA
103225,4_dose,full_coverage,8356,570,83,328175,TZA
103226,3_dose,reduced_coverage,16352,665,97,152018,TZA
103226,4_dose,reduced_coverage_lower,19371,791,115,192873,TZA
103226,4_dose,reduced_coverage,19840,816,119,192873,TZA
103226,4_dose,reduced_coverage_upper,21937,888,129,192873,TZA
103226,3_dose,full_coverage,17100,694,101,152018,TZA
103226,4_dose,full_coverage,21634,892,130,192873,TZA
103227,3_dose,reduced_coverage,9193,571,83,245291,TZA
103227,4_dose,reduced_coverage_lower,10494,634,92,310334,TZA
103227,4_dose,reduced_coverage,11119,684,99,310334,TZA
103227,4_dose,reduced_coverage_upper,11378,708,103,310334,TZA
103227,3_dose,full_coverage,9185,569,83,245291,TZA
103227,4_dose,full_coverage,12030,747,108,310334,TZA
103228,3_dose,reduced_coverage,9384,571,83,316819,TZA
103228,4_dose,reduced_coverage_lower,10727,667,97,400387,TZA
103228,4_dose,reduced_coverage,11314,699,101,400387,TZA
103228,4_dose,reduced_coverage_upper,12251,756,110,400387,TZA
103228,3_dose,full_coverage,9650,597,87,316819,TZA
103228,4_dose,full_coverage,12278,765,111,400387,TZA
103229,3_dose,reduced_coverage,28811,1527,222,442558,TZA
103229,4_dose,reduced_coverage_lower,34263,1790,260,560454,TZA
103229,4_dose,reduced_coverage,36245,1896,275,560454,TZA
103229,4_dose,reduced_coverage_upper,39699,2036,296,560454,TZA
103229,3_dose,full_coverage,30346,1574,229,442558,TZA
103229,4_dose,full_coverage,38878,2020,293,560454,TZA
103230,3_dose,reduced_coverage,28796,1291,187,355315,TZA
103230,4_dose,reduced_coverage_lower,34452,1565,227,453873,TZA
103230,4_dose,reduced_coverage,38746,1759,255,453873,TZA
103230,4_dose,reduced_coverage_upper,38546,1775,258,453873,TZA
103230,3_dose,full_coverage,30720,1380,200,355315,TZA
103230,4_dose,full_coverage,41533,1920,279,453873,TZA
103231,3_dose,reduced_coverage,19766,933,135,217794,TZA
103231,4_dose,reduced_coverage_lower,23033,1070,155,278126,TZA
103231,4_dose,reduced_coverage,22740,1078,157,278126,TZA
103231,4_dose,reduced_coverage_upper,25311,1177,171,278126,TZA
103231,3_dose,full_coverage,19347,917,133,217794,TZA
103231,4_dose,full_coverage,26110,1200,174,278126,TZA
103232,3_dose,reduced_coverage,27144,1370,199,431727,TZA
103232,4_dose,reduced_coverage_lower,32780,1639,238,552274,TZA
103232,4_dose,reduced_coverage,33096,1695,246,552274,TZA
103232,4_dose,reduced_coverage_upper,34746,1773,257,552274,TZA
103232,3_dose,full_coverage,26405,1305,190,431727,TZA
103232,4_dose,full_coverage,38179,1921,279,552274,TZA
103233,3_dose,reduced_coverage,5055,284,41,95237,TZA
103233,4_dose,reduced_coverage_lower,5855,322,47,121153,TZA
103233,4_dose,reduced_coverage,6256,350,51,121153,TZA
103233,4_dose,reduced_coverage_upper,6653,371,54,121153,TZA
103233,3_dose,full_coverage,5359,300,44,95237,TZA
103233,4_dose,full_coverage,6829,378,55,121153,TZA
103234,3_dose,reduced_coverage,1569,99,14,45824,TZA
103234,4_dose,reduced_coverage_lower,1977,126,18,58323,TZA
103234,4_dose,reduced_coverage,1986,126,18,58323,TZA
103234,4_dose,reduced_coverage_upper,2336,141,20,58323,TZA
103234,3_dose,full_coverage,1772,109,16,45824,TZA
103234,4_dose,full_coverage,2332,142,21,58323,TZA
103235,3_dose,reduced_coverage,1614,101,15,46926,TZA
103235,4_dose,reduced_coverage_lower,1948,120,17,59395,TZA
103235,4_dose,reduced_coverage,2107,129,19,59395,TZA
103235,4_dose,reduced_coverage_upper,2142,132,19,59395,TZA
103235,3_dose,full_coverage,1635,104,15,46926,TZA
103235,4_dose,full_coverage,2109,133,19,59395,TZA
103236,3_dose,reduced_coverage,14782,721,105,181683,TZA
103236,4_dose,reduced_coverage_lower,16350,799,116,230182,TZA
103236,4_dose,reduced_coverage,17292,841,122,230182,TZA
103236,4_dose,reduced_coverage_upper,18028,885,129,230182,TZA
103236,3_dose,full_coverage,14561,705,102,181683,TZA
103236,4_dose,full_coverage,19230,923,134,230182,TZA
103237,3_dose,reduced_coverage,7750,457,66,167464,TZA
103237,4_dose,reduced_coverage_lower,9398,545,79,213420,TZA
103237,4_dose,reduced_coverage,10001,571,83,213420,TZA
103237,4_dose,reduced_coverage_upper,10556,615,89,213420,TZA
103237,3_dose,full_coverage,7524,440,64,167464,TZA
103237,4_dose,full_coverage,10864,626,91,213420,TZA
103238,3_dose,reduced_coverage,19539,910,132,225778,TZA
103238,4_dose,reduced_coverage_lower,22460,1079,157,288749,TZA
103238,4_dose,reduced_coverage,23747,1107,161,288749,TZA
103238,4_dose,reduced_coverage_upper,24825,1170,170,288749,TZA
103238,3_dose,full_coverage,19868,936,136,225778,TZA
103238,4_dose,full_coverage,26159,1208,175,288749,TZA
103239,3_dose,reduced_coverage,19113,969,141,290555,TZA
103239,4_dose,reduced_coverage_lower,22330,1121,163,370208,TZA
103239,4_dose,reduced_coverage,23815,1193,173,370208,TZA
103239,4_dose,reduced_coverage_upper,25156,1261,183,370208,TZA
103239,3_dose,full_coverage,19413,983,143,290555,TZA
103239,4_dose,full_coverage,25931,1285,187,370208,TZA
103240,3_dose,reduced_coverage,14020,811,118,296817,TZA
103240,4_dose,reduced_coverage_lower,15967,917,133,374225,TZA
103240,4_dose,reduced_coverage,16943,1006,146,374225,TZA
103240,4_dose,reduced_coverage_upper,17910,1024,149,374225,TZA
103240,3_dose,full_coverage,13377,786,114,296817,TZA
103240,4_dose,full_coverage,18474,1071,156,374225,TZA
103241,3_dose,reduced_coverage,8765,531,77,229536,TZA
103241,4_dose,reduced_coverage_lower,10387,638,93,289323,TZA
103241,4_dose,reduced_coverage,10916,674,98,289323,TZA
103241,4_dose,reduced_coverage_upper,11492,703,102,289323,TZA
103241,3_dose,full_coverage,9691,593,86,229536,TZA
103241,4_dose,full_coverage,12164,737,107,289323,TZA
103242,3_dose,reduced_coverage,25381,1329,193,405941,TZA
103242,4_dose,reduced_coverage_lower,30352,1558,226,517863,TZA
103242,4_dose,reduced_coverage,32250,1686,245,517863,TZA
103242,4_dose,reduced_coverage_upper,34889,1823,265,517863,TZA
103242,3_dose,full_coverage,25459,1317,191,405941,TZA
103242,4_dose,full_coverage,33871,1733,252,517863,TZA
103243,3_dose,reduced_coverage,14739,854,124,316898,TZA
103243,4_dose,reduced_coverage_lower,16650,955,139,400393,TZA
103243,4_dose,reduced_coverage,17553,1003,146,400393,TZA
103243,4_dose,reduced_coverage_upper,18855,1081,157,400393,TZA
103243,3_dose,full_coverage,14979,856,124,316898,TZA
103243,4_dose,full_coverage,19153,1100,160,400393,TZA
103244,3_dose,reduced_coverage,946,59,9,26388,TZA
103244,4_dose,reduced_coverage_lower,1162,72,10,33601,TZA
103244,4_dose,reduced_coverage,1213,74,11,33601,TZA
103244,4_dose,reduced_coverage_upper,1280,80,12,33601,TZA
103244,3_dose,full_coverage,976,60,9,26388,TZA
103244,4_dose,full_coverage,1264,78,11,33601,TZA
103245,3_dose,reduced_coverage,908,51,7,17560,TZA
103245,4_dose,reduced_coverage_lower,1077,60,9,22347,TZA
103245,4_dose,reduced_coverage,1114,63,9,22347,TZA
103245,4_dose,reduced_coverage_upper,1198,67,10,22347,TZA
103245,3_dose,full_coverage,1009,56,8,17560,TZA
103245,4_dose,full_coverage,1206,67,10,22347,TZA
103246,3_dose,reduced_coverage,992,66,10,38353,TZA
103246,4_dose,reduced_coverage_lower,1278,86,12,48624,TZA
103246,4_dose,reduced_coverage,1408,92,13,48624,TZA
103246,4_dose,reduced_coverage_upper,1441,96,14,48624,TZA
103246,3_dose,full_coverage,1113,74,11,38353,TZA
103246,4_dose,full_coverage,1469,98,14,48624,TZA
103247,3_dose,reduced_coverage,4386,188,29,46442,UGA
103247,4_dose,reduced_coverage_lower,4886,205,32,58573,UGA
103247,4_dose,reduced_coverage,5089,220,34,58573,UGA
103247,4_dose,reduced_coverage_upper,5671,242,38,58573,UGA
103247,3_dose,full_coverage,4944,212,33,46442,UGA
103247,4_dose,full_coverage,6394,274,43,58573,UGA
103248,3_dose,reduced_coverage,26974,807,126,159806,UGA
103248,4_dose,reduced_coverage_lower,33445,1012,157,202382,UGA
103248,4_dose,reduced_coverage,34753,1066,166,202382,UGA
103248,4_dose,reduced_coverage_upper,37334,1093,170,202382,UGA
103248,3_dose,full_coverage,32652,972,151,159806,UGA
103248,4_dose,full_coverage,43695,1297,202,202382,UGA
103249,3_dose,reduced_coverage,15416,694,108,199303,UGA
103249,4_dose,reduced_coverage_lower,18687,806,125,251588,UGA
103249,4_dose,reduced_coverage,20201,898,140,251588,UGA
103249,4_dose,reduced_coverage_upper,21242,943,147,251588,UGA
103249,3_dose,full_coverage,19005,858,134,199303,UGA
103249,4_dose,full_coverage,25028,1105,172,251588,UGA
103250,3_dose,reduced_coverage,11087,319,50,62572,UGA
103250,4_dose,reduced_coverage_lower,13656,394,61,80001,UGA
103250,4_dose,reduced_coverage,14399,417,65,80001,UGA
103250,4_dose,reduced_coverage_upper,14507,414,64,80001,UGA
103250,3_dose,full_coverage,13601,391,61,62572,UGA
103250,4_dose,full_coverage,16716,482,75,80001,UGA
103251,3_dose,reduced_coverage,2804,148,23,49652,UGA
103251,4_dose,reduced_coverage_lower,3210,172,27,63246,UGA
103251,4_dose,reduced_coverage,3339,175,27,63246,UGA
103251,4_dose,reduced_coverage_upper,3796,198,31,63246,UGA
103251,3_dose,full_coverage,3240,171,27,49652,UGA
103251,4_dose,full_coverage,4185,220,34,63246,UGA
103252,3_dose,reduced_coverage,8803,499,78,182200,UGA
103252,4_dose,reduced_coverage_lower,11165,605,94,231834,UGA
103252,4_dose,reduced_coverage,10822,600,93,231834,UGA
103252,4_dose,reduced_coverage_upper,11883,644,100,231834,UGA
103252,3_dose,full_coverage,10465,566,88,182200,UGA
103252,4_dose,full_coverage,12994,716,111,231834,UGA
103253,3_dose,reduced_coverage,6029,177,27,36836,UGA
103253,4_dose,reduced_coverage_lower,7795,231,36,46215,UGA
103253,4_dose,reduced_coverage,7928,225,35,46215,UGA
103253,4_dose,reduced_coverage_upper,7839,225,35,46215,UGA
103253,3_dose,full_coverage,7528,223,35,36836,UGA
103253,4_dose,full_coverage,9861,284,44,46215,UGA
103254,3_dose,reduced_coverage,20458,645,100,117499,UGA
103254,4_dose,reduced_coverage_lower,22890,708,110,149338,UGA
103254,4_dose,reduced_coverage,24738,759,118,149338,UGA
103254,4_dose,reduced_coverage_upper,26800,816,127,149338,UGA
103254,3_dose,full_coverage,23824,726,113,117499,UGA
103254,4_dose,full_coverage,29913,927,144,149338,UGA
103255,3_dose,reduced_coverage,8372,316,49,84332,UGA
103255,4_dose,reduced_coverage_lower,10347,392,61,107213,UGA
103255,4_dose,reduced_coverage,10556,395,61,107213,UGA
103255,4_dose,reduced_coverage_upper,11315,421,65,107213,UGA
103255,3_dose,full_coverage,10518,399,62,84332,UGA
103255,4_dose,full_coverage,13690,523,81,107213,UGA
103256,3_dose,reduced_coverage,34603,936,146,175859,UGA
103256,4_dose,reduced_coverage_lower,42704,1191,185,224521,UGA
103256,4_dose,reduced_coverage,40590,1137,177,224521,UGA
103256,4_dose,reduced_coverage_upper,44842,1190,185,224521,UGA
103256,3_dose,full_coverage,42678,1168,182,175859,UGA
103256,4_dose,full_coverage,52432,1471,229,224521,UGA
103257,3_dose,reduced_coverage,18237,532,83,99516,UGA
103257,4_dose,reduced_coverage_lower,21639,633,98,126382,UGA
103257,4_dose,reduced_coverage,24537,707,110,126382,UGA
103257,4_dose,reduced_coverage_upper,22993,655,102,126382,UGA
103257,3_dose,full_coverage,21660,644,100,99516,UGA
103257,4_dose,full_coverage,28245,825,128,126382,UGA
103258,3_dose,reduced_coverage,126,9,1,7043,UGA
103258,4_dose,reduced_coverage_lower,153,11,2,8920,UGA
103258,4_dose,reduced_coverage,158,11,2,8920,UGA
103258,4_dose,reduced_coverage_upper,170,12,2,8920,UGA
103258,3_dose,full_coverage,139,10,2,7043,UGA
103258,4_dose,full_coverage,171,12,2,8920,UGA
103259,3_dose,reduced_coverage,5153,258,40,83859,UGA
103259,4_dose,reduced_coverage_lower,6153,311,48,107008,UGA
103259,4_dose,reduced_coverage,6581,334,52,107008,UGA
103259,4_dose,reduced_coverage_upper,6957,351,55,107008,UGA
103259,3_dose,full_coverage,6450,326,51,83859,UGA
103259,4_dose,full_coverage,8132,414,64,107008,UGA
103260,3_dose,reduced_coverage,6563,171,27,34042,UGA
103260,4_dose,reduced_coverage_lower,8154,211,33,43501,UGA
103260,4_dose,reduced_coverage,8280,212,33,43501,UGA
103260,4_dose,reduced_coverage_upper,8760,223,35,43501,UGA
103260,3_dose,full_coverage,7779,198,31,34042,UGA
103260,4_dose,full_coverage,10422,269,42,43501,UGA
103261,3_dose,reduced_coverage,255,13,2,5396,UGA
103261,4_dose,reduced_coverage_lower,298,16,3,6896,UGA
103261,4_dose,reduced_coverage,325,17,3,6896,UGA
103261,4_dose,reduced_coverage_upper,355,19,3,6896,UGA
103261,3_dose,full_coverage,289,16,2,5396,UGA
103261,4_dose,full_coverage,396,22,3,6896,UGA
103262,3_dose,reduced_coverage,4351,311,48,302371,UGA
103262,4_dose,reduced_coverage_lower,4930,355,55,383776,UGA
103262,4_dose,reduced_coverage,5102,364,57,383776,UGA
103262,4_dose,reduced_coverage_upper,5338,381,59,383776,UGA
103262,3_dose,full_coverage,4338,312,48,302371,UGA
103262,4_dose,full_coverage,6558,472,73,383776,UGA
103263,3_dose,reduced_coverage,35365,916,143,177793,UGA
103263,4_dose,reduced_coverage_lower,44082,1152,179,224398,UGA
103263,4_dose,reduced_coverage,44248,1111,173,224398,UGA
103263,4_dose,reduced_coverage_upper,47630,1216,189,224398,UGA
103263,3_dose,full_coverage,42183,1068,166,177793,UGA
103263,4_dose,full_coverage,56272,1431,223,224398,UGA
103264,3_dose,reduced_coverage,4438,215,33,67971,UGA
103264,4_dose,reduced_coverage_lower,5139,250,39,86224,UGA
103264,4_dose,reduced_coverage,5606,272,42,86224,UGA
103264,4_dose,reduced_coverage_upper,5620,268,42,86224,UGA
103264,3_dose,full_coverage,5279,251,39,67971,UGA
103264,4_dose,full_coverage,7166,340,53,86224,UGA
103265,3_dose,reduced_coverage,1686,100,16,49824,UGA
103265,4_dose,reduced_coverage_lower,2059,122,19,63394,UGA
103265,4_dose,reduced_coverage,2228,132,21,63394,UGA
103265,4_dose,reduced_coverage_upper,2481,149,23,63394,UGA
103265,3_dose,full_coverage,2006,118,18,49824,UGA
103265,4_dose,full_coverage,2926,171,27,63394,UGA
103266,3_dose,reduced_coverage,1923,108,17,41556,UGA
103266,4_dose,reduced_coverage_lower,2140,119,18,52816,UGA
103266,4_dose,reduced_coverage,2246,127,20,52816,UGA
103266,4_dose,reduced_coverage_upper,2451,137,21,52816,UGA
103266,3_dose,full_coverage,2275,127,20,41556,UGA
103266,4_dose,full_coverage,2782,156,24,52816,UGA
103267,3_dose,reduced_coverage,3722,229,36,123216,UGA
103267,4_dose,reduced_coverage_lower,5112,308,48,156282,UGA
103267,4_dose,reduced_coverage,4343,269,42,156282,UGA
103267,4_dose,reduced_coverage_upper,5751,334,52,156282,UGA
103267,3_dose,full_coverage,4911,297,46,123216,UGA
103267,4_dose,full_coverage,6427,382,59,156282,UGA
103268,3_dose,reduced_coverage,18449,418,65,74635,UGA
103268,4_dose,reduced_coverage_lower,21098,492,77,94263,UGA
103268,4_dose,reduced_coverage,21491,507,79,94263,UGA
103268,4_dose,reduced_coverage_upper,24025,561,87,94263,UGA
103268,3_dose,full_coverage,19067,450,70,74635,UGA
103268,4_dose,full_coverage,27169,633,99,94263,UGA
103269,3_dose,reduced_coverage,13747,418,65,73725,UGA
103269,4_dose,reduced_coverage_lower,15737,476,74,92961,UGA
103269,4_dose,reduced_coverage,17121,491,76,92961,UGA
103269,4_dose,reduced_coverage_upper,17756,517,80,92961,UGA
103269,3_dose,full_coverage,15350,438,68,73725,UGA
103269,4_dose,full_coverage,20841,609,95,92961,UGA
103270,3_dose,reduced_coverage,9459,393,61,101976,UGA
103270,4_dose,reduced_coverage_lower,11197,458,71,128778,UGA
103270,4_dose,reduced_coverage,11471,470,73,128778,UGA
103270,4_dose,reduced_coverage_upper,12778,517,80,128778,UGA
103270,3_dose,full_coverage,11031,449,70,101976,UGA
103270,4_dose,full_coverage,14689,599,93,128778,UGA
103271,3_dose,reduced_coverage,3274,168,26,56323,UGA
103271,4_dose,reduced_coverage_lower,4029,205,32,71506,UGA
103271,4_dose,reduced_coverage,4281,219,34,71506,UGA
103271,4_dose,reduced_coverage_upper,4450,229,36,71506,UGA
103271,3_dose,full_coverage,3886,196,30,56323,UGA
103271,4_dose,full_coverage,5192,264,41,71506,UGA
103272,3_dose,reduced_coverage,204,14,2,7105,UGA
103272,4_dose,reduced_coverage_lower,225,15,2,9025,UGA
103272,4_dose,reduced_coverage,246,16,2,9025,UGA
103272,4_dose,reduced_coverage_upper,246,16,2,9025,UGA
103272,3_dose,full_coverage,235,15,2,7105,UGA
103272,4_dose,full_coverage,299,19,3,9025,UGA
103273,3_dose,reduced_coverage,11420,373,58,69658,UGA
103273,4_dose,reduced_coverage_lower,13215,429,67,87613,UGA
103273,4_dose,reduced_coverage,14133,438,68,87613,UGA
103273,4_dose,reduced_coverage_upper,15177,478,74,87613,UGA
103273,3_dose,full_coverage,12984,418,65,69658,UGA
103273,4_dose,full_coverage,17791,564,88,87613,UGA
103274,3_dose,reduced_coverage,35593,804,125,147150,UGA
103274,4_dose,reduced_coverage_lower,43509,1011,157,187055,UGA
103274,4_dose,reduced_coverage,43564,1036,161,187055,UGA
103274,4_dose,reduced_coverage_upper,47817,1073,167,187055,UGA
103274,3_dose,full_coverage,42648,1004,156,147150,UGA
103274,4_dose,full_coverage,54055,1263,197,187055,UGA
103275,3_dose,reduced_coverage,19195,562,87,99177,UGA
103275,4_dose,reduced_coverage_lower,21598,624,97,125228,UGA
103275,4_dose,reduced_coverage,23617,676,105,125228,UGA
103275,4_dose,reduced_coverage_upper,25441,731,114,125228,UGA
103275,3_dose,full_coverage,22411,650,101,99177,UGA
103275,4_dose,full_coverage,28142,834,130,125228,UGA
103276,3_dose,reduced_coverage,7852,333,52,92354,UGA
103276,4_dose,reduced_coverage_lower,9019,390,61,116350,UGA
103276,4_dose,reduced_coverage,9997,430,67,116350,UGA
103276,4_dose,reduced_coverage_upper,10646,458,71,116350,UGA
103276,3_dose,full_coverage,9158,396,62,92354,UGA
103276,4_dose,full_coverage,12100,525,82,116350,UGA
103279,3_dose,reduced_coverage,28395,758,118,160388,UGA
103279,4_dose,reduced_coverage_lower,34318,896,139,203971,UGA
103279,4_dose,reduced_coverage,36082,920,143,203971,UGA
103279,4_dose,reduced_coverage_upper,38996,1028,160,203971,UGA
103279,3_dose,full_coverage,31958,850,132,160388,UGA
103279,4_dose,full_coverage,44407,1140,177,203971,UGA
103280,3_dose,reduced_coverage,11032,445,69,119661,UGA
103280,4_dose,reduced_coverage_lower,13376,530,83,152705,UGA
103280,4_dose,reduced_coverage,13926,551,86,152705,UGA
103280,4_dose,reduced_coverage_upper,15059,599,93,152705,UGA
103280,3_dose,full_coverage,13473,557,87,119661,UGA
103280,4_dose,full_coverage,17299,707,110,152705,UGA
103281,3_dose,reduced_coverage,14074,620,96,195175,UGA
103281,4_dose,reduced_coverage_lower,17563,791,123,247305,UGA
103281,4_dose,reduced_coverage,18890,842,131,247305,UGA
103281,4_dose,reduced_coverage_upper,19658,881,137,247305,UGA
103281,3_dose,full_coverage,16745,759,118,195175,UGA
103281,4_dose,full_coverage,23382,1033,161,247305,UGA
103282,3_dose,reduced_coverage,16503,556,87,112313,UGA
103282,4_dose,reduced_coverage_lower,19877,614,96,143472,UGA
103282,4_dose,reduced_coverage,20805,679,106,143472,UGA
103282,4_dose,reduced_coverage_upper,22072,697,108,143472,UGA
103282,3_dose,full_coverage,20425,649,101,112313,UGA
103282,4_dose,full_coverage,26155,835,130,143472,UGA
103283,3_dose,reduced_coverage,8188,241,38,47014,UGA
103283,4_dose,reduced_coverage_lower,9285,268,42,59827,UGA
103283,4_dose,reduced_coverage,10645,317,49,59827,UGA
103283,4_dose,reduced_coverage_upper,10489,312,48,59827,UGA
103283,3_dose,full_coverage,9916,292,45,47014,UGA
103283,4_dose,full_coverage,12827,377,59,59827,UGA
103284,3_dose,reduced_coverage,9946,518,81,180132,UGA
103284,4_dose,reduced_coverage_lower,12092,622,97,229224,UGA
103284,4_dose,reduced_coverage,12487,642,100,229224,UGA
103284,4_dose,reduced_coverage_upper,12982,671,104,229224,UGA
103284,3_dose,full_coverage,11839,619,96,180132,UGA
103284,4_dose,full_coverage,16082,822,128,229224,UGA
103285,3_dose,reduced_coverage,14972,779,121,260516,UGA
103285,4_dose,reduced_coverage_lower,17768,921,143,329384,UGA
103285,4_dose,reduced_coverage,18871,994,155,329384,UGA
103285,4_dose,reduced_coverage_upper,19282,1002,156,329384,UGA
103285,3_dose,full_coverage,17376,903,141,260516,UGA
103285,4_dose,full_coverage,22001,1140,177,329384,UGA
103286,3_dose,reduced_coverage,10369,233,36,45794,UGA
103286,4_dose,reduced_coverage_lower,12648,295,46,57508,UGA
103286,4_dose,reduced_coverage,12998,292,45,57508,UGA
103286,4_dose,reduced_coverage_upper,13642,319,50,57508,UGA
103286,3_dose,full_coverage,12810,316,49,45794,UGA
103286,4_dose,full_coverage,17428,421,65,57508,UGA
103287,3_dose,reduced_coverage,2451,131,20,48753,UGA
103287,4_dose,reduced_coverage_lower,3089,163,25,61714,UGA
103287,4_dose,reduced_coverage,3187,167,26,61714,UGA
103287,4_dose,reduced_coverage_upper,3433,179,28,61714,UGA
103287,3_dose,full_coverage,2989,153,24,48753,UGA
103287,4_dose,full_coverage,4062,215,33,61714,UGA
103288,3_dose,reduced_coverage,5582,285,44,101211,UGA
103288,4_dose,reduced_coverage_lower,6083,312,48,128200,UGA
103288,4_dose,reduced_coverage,6662,348,54,128200,UGA
103288,4_dose,reduced_coverage_upper,6871,355,55,128200,UGA
103288,3_dose,full_coverage,6239,327,51,101211,UGA
103288,4_dose,full_coverage,8223,430,67,128200,UGA
103289,3_dose,reduced_coverage,11133,545,85,171463,UGA
103289,4_dose,reduced_coverage_lower,13154,643,100,218390,UGA
103289,4_dose,reduced_coverage,13957,679,106,218390,UGA
103289,4_dose,reduced_coverage_upper,14902,732,114,218390,UGA
103289,3_dose,full_coverage,12966,633,99,171463,UGA
103289,4_dose,full_coverage,16980,831,129,218390,UGA
103290,3_dose,reduced_coverage,19325,813,127,195716,UGA
103290,4_dose,reduced_coverage_lower,22812,923,144,251524,UGA
103290,4_dose,reduced_coverage,24608,1006,157,251524,UGA
103290,4_dose,reduced_coverage_upper,25154,1027,160,251524,UGA
103290,3_dose,full_coverage,23933,1003,156,195716,UGA
103290,4_dose,full_coverage,29738,1214,189,251524,UGA
103291,3_dose,reduced_coverage,7837,216,34,38594,UGA
103291,4_dose,reduced_coverage_lower,8924,239,37,48913,UGA
103291,4_dose,reduced_coverage,9641,260,40,48913,UGA
103291,4_dose,reduced_coverage_upper,9675,264,41,48913,UGA
103291,3_dose,full_coverage,9352,256,40,38594,UGA
103291,4_dose,full_coverage,12370,328,51,48913,UGA
103292,3_dose,reduced_coverage,4004,137,21,31992,UGA
103292,4_dose,reduced_coverage_lower,4570,160,25,40690,UGA
103292,4_dose,reduced_coverage,5016,177,27,40690,UGA
103292,4_dose,reduced_coverage_upper,5268,185,29,40690,UGA
103292,3_dose,full_coverage,4798,171,27,31992,UGA
103292,4_dose,full_coverage,6357,225,35,40690,UGA
103293,3_dose,reduced_coverage,17588,514,80,98194,UGA
103293,4_dose,reduced_coverage_lower,21105,603,94,125088,UGA
103293,4_dose,reduced_coverage,22056,632,98,125088,UGA
103293,4_dose,reduced_coverage_upper,24212,684,106,125088,UGA
103293,3_dose,full_coverage,21102,596,93,98194,UGA
103293,4_dose,full_coverage,26954,784,122,125088,UGA
103294,3_dose,reduced_coverage,3151,192,30,96222,UGA
103294,4_dose,reduced_coverage_lower,3612,222,35,122262,UGA
103294,4_dose,reduced_coverage,3805,235,37,122262,UGA
103294,4_dose,reduced_coverage_upper,3972,242,38,122262,UGA
103294,3_dose,full_coverage,3356,202,31,96222,UGA
103294,4_dose,full_coverage,4675,289,45,122262,UGA
103295,3_dose,reduced_coverage,14712,453,70,81856,UGA
103295,4_dose,reduced_coverage_lower,18459,552,86,103377,UGA
103295,4_dose,reduced_coverage,19615,585,91,103377,UGA
103295,4_dose,reduced_coverage_upper,20008,582,91,103377,UGA
103295,3_dose,full_coverage,18103,544,85,81856,UGA
103295,4_dose,full_coverage,23535,698,109,103377,UGA
103296,3_dose,reduced_coverage,23803,665,104,129575,UGA
103296,4_dose,reduced_coverage_lower,27915,794,124,165348,UGA
103296,4_dose,reduced_coverage,30733,848,132,165348,UGA
103296,4_dose,reduced_coverage_upper,34017,926,144,165348,UGA
103296,3_dose,full_coverage,27907,776,121,129575,UGA
103296,4_dose,full_coverage,38317,1029,160,165348,UGA
103297,3_dose,reduced_coverage,9635,375,58,115063,UGA
103297,4_dose,reduced_coverage_lower,12103,482,75,145967,UGA
103297,4_dose,reduced_coverage,12483,502,78,145967,UGA
103297,4_dose,reduced_coverage_upper,13075,521,81,145967,UGA
103297,3_dose,full_coverage,11922,481,75,115063,UGA
103297,4_dose,full_coverage,16857,684,106,145967,UGA
103298,3_dose,reduced_coverage,2969,163,25,62493,UGA
103298,4_dose,reduced_coverage_lower,3432,188,29,78991,UGA
103298,4_dose,reduced_coverage,3573,195,30,78991,UGA
103298,4_dose,reduced_coverage_upper,3900,211,33,78991,UGA
103298,3_dose,full_coverage,3243,179,28,62493,UGA
103298,4_dose,full_coverage,4472,242,38,78991,UGA
103299,3_dose,reduced_coverage,4563,185,29,44873,UGA
103299,4_dose,reduced_coverage_lower,5186,210,33,57020,UGA
103299,4_dose,reduced_coverage,5291,213,33,57020,UGA
103299,4_dose,reduced_coverage_upper,5746,231,36,57020,UGA
103299,3_dose,full_coverage,5067,207,32,44873,UGA
103299,4_dose,full_coverage,6654,272,42,57020,UGA
103300,3_dose,reduced_coverage,3862,187,29,58499,UGA
103300,4_dose,reduced_coverage_lower,4594,226,35,74143,UGA
103300,4_dose,reduced_coverage,4764,235,37,74143,UGA
103300,4_dose,reduced_coverage_upper,4885,241,38,74143,UGA
103300,3_dose,full_coverage,4407,213,33,58499,UGA
103300,4_dose,full_coverage,5644,283,44,74143,UGA
103301,3_dose,reduced_coverage,15436,464,72,91600,UGA
103301,4_dose,reduced_coverage_lower,18742,559,87,116406,UGA
103301,4_dose,reduced_coverage,18610,553,86,116406,UGA
103301,4_dose,reduced_coverage_upper,20449,612,95,116406,UGA
103301,3_dose,full_coverage,16916,522,81,91600,UGA
103301,4_dose,full_coverage,24151,721,112,116406,UGA
103302,3_dose,reduced_coverage,24605,712,111,133161,UGA
103302,4_dose,reduced_coverage_lower,28685,812,126,169273,UGA
103302,4_dose,reduced_coverage,31119,892,139,169273,UGA
103302,4_dose,reduced_coverage_upper,32168,923,144,169273,UGA
103302,3_dose,full_coverage,28640,816,127,133161,UGA
103302,4_dose,full_coverage,37855,1059,165,169273,UGA
103303,3_dose,reduced_coverage,7940,486,76,252871,UGA
103303,4_dose,reduced_coverage_lower,9233,570,89,321212,UGA
103303,4_dose,reduced_coverage,9808,617,96,321212,UGA
103303,4_dose,reduced_coverage_upper,10580,641,100,321212,UGA
103303,3_dose,full_coverage,8820,538,84,252871,UGA
103303,4_dose,full_coverage,12006,743,116,321212,UGA
103304,3_dose,reduced_coverage,5196,236,37,64006,UGA
103304,4_dose,reduced_coverage_lower,5962,267,42,82022,UGA
103304,4_dose,reduced_coverage,6060,272,42,82022,UGA
103304,4_dose,reduced_coverage_upper,6510,285,44,82022,UGA
103304,3_dose,full_coverage,5910,272,42,64006,UGA
103304,4_dose,full_coverage,7613,338,53,82022,UGA
103591,3_dose,reduced_coverage,30738,1303,199,275514,ZMB
103591,4_dose,reduced_coverage_lower,35999,1476,225,349043,ZMB
103591,4_dose,reduced_coverage,37007,1517,231,349043,ZMB
103591,4_dose,reduced_coverage_upper,39985,1632,249,349043,ZMB
103591,3_dose,full_coverage,31660,1317,201,275514,ZMB
103591,4_dose,full_coverage,41566,1722,262,349043,ZMB
103592,3_dose,reduced_coverage,49330,1857,283,393359,ZMB
103592,4_dose,reduced_coverage_lower,59857,2220,338,496084,ZMB
103592,4_dose,reduced_coverage,65303,2404,366,496084,ZMB
103592,4_dose,reduced_coverage_upper,67998,2509,382,496084,ZMB
103592,3_dose,full_coverage,53366,1985,303,393359,ZMB
103592,4_dose,full_coverage,73945,2707,413,496084,ZMB
103593,3_dose,reduced_coverage,46920,1675,255,320518,ZMB
103593,4_dose,reduced_coverage_lower,54783,1904,290,407489,ZMB
103593,4_dose,reduced_coverage,56925,1976,301,407489,ZMB
103593,4_dose,reduced_coverage_upper,61511,2130,325,407489,ZMB
103593,3_dose,full_coverage,49930,1773,270,320518,ZMB
103593,4_dose,full_coverage,65470,2298,350,407489,ZMB
103594,3_dose,reduced_coverage,65754,1343,205,193778,ZMB
103594,4_dose,reduced_coverage_lower,81674,1677,256,246840,ZMB
103594,4_dose,reduced_coverage,81147,1632,249,246840,ZMB
103594,4_dose,reduced_coverage_upper,86381,1700,259,246840,ZMB
103594,3_dose,full_coverage,74087,1556,237,193778,ZMB
103594,4_dose,full_coverage,96011,1876,286,246840,ZMB
103595,3_dose,reduced_coverage,11148,732,112,417297,ZMB
103595,4_dose,reduced_coverage_lower,13682,898,137,531879,ZMB
103595,4_dose,reduced_coverage,14233,916,140,531879,ZMB
103595,4_dose,reduced_coverage_upper,14196,926,141,531879,ZMB
103595,3_dose,full_coverage,11895,790,120,417297,ZMB
103595,4_dose,full_coverage,15135,1011,154,531879,ZMB
103596,3_dose,reduced_coverage,49292,1015,155,147367,ZMB
103596,4_dose,reduced_coverage_lower,58339,1192,182,185841,ZMB
103596,4_dose,reduced_coverage,65545,1338,204,185841,ZMB
103596,4_dose,reduced_coverage_upper,65913,1335,204,185841,ZMB
103596,3_dose,full_coverage,51835,1075,164,147367,ZMB
103596,4_dose,full_coverage,70951,1425,217,185841,ZMB
103597,3_dose,reduced_coverage,36737,940,143,139946,ZMB
103597,4_dose,reduced_coverage_lower,44028,1106,169,176538,ZMB
103597,4_dose,reduced_coverage,45185,1125,172,176538,ZMB
103597,4_dose,reduced_coverage_upper,47056,1171,179,176538,ZMB
103597,3_dose,full_coverage,39957,983,150,139946,ZMB
103597,4_dose,full_coverage,50607,1244,190,176538,ZMB
103598,3_dose,reduced_coverage,53279,1387,211,223217,ZMB
103598,4_dose,reduced_coverage_lower,63337,1661,253,281928,ZMB
103598,4_dose,reduced_coverage,67554,1811,276,281928,ZMB
103598,4_dose,reduced_coverage_upper,70401,1852,282,281928,ZMB
103598,3_dose,full_coverage,53853,1409,215,223217,ZMB
103598,4_dose,full_coverage,72241,1881,287,281928,ZMB
103599,3_dose,reduced_coverage,5278,400,61,320326,ZMB
103599,4_dose,reduced_coverage_lower,6119,461,70,406785,ZMB
103599,4_dose,reduced_coverage,6085,454,69,406785,ZMB
103599,4_dose,reduced_coverage_upper,6086,455,69,406785,ZMB
103599,3_dose,full_coverage,5209,388,59,320326,ZMB
103599,4_dose,full_coverage,6520,486,74,406785,ZMB
103600,3_dose,reduced_coverage,26240,962,147,176296,ZMB
103600,4_dose,reduced_coverage_lower,31115,1146,175,221886,ZMB
103600,4_dose,reduced_coverage,33220,1220,186,221886,ZMB
103600,4_dose,reduced_coverage_upper,34647,1274,194,221886,ZMB
103600,3_dose,full_coverage,27683,1005,153,176296,ZMB
103600,4_dose,full_coverage,36678,1355,207,221886,ZMB
100035,3_dose,reduced_coverage_lower,1884,105,18,64019,AGO
100036,3_dose,reduced_coverage_lower,3087,212,36,312790,AGO
100037,3_dose,reduced_coverage_lower,12957,512,87,206046,AGO
100038,3_dose,reduced_coverage_lower,3517,168,29,79941,AGO
100039,3_dose,reduced_coverage_lower,5504,215,37,72521,AGO
100040,3_dose,reduced_coverage_lower,4536,173,30,69114,AGO
100041,3_dose,reduced_coverage_lower,13597,561,96,238514,AGO
100042,3_dose,reduced_coverage_lower,2785,161,27,116391,AGO
100043,3_dose,reduced_coverage_lower,2772,200,34,294119,AGO
100044,3_dose,reduced_coverage_lower,3646,258,44,380718,AGO
100045,3_dose,reduced_coverage_lower,9757,689,117,913043,AGO
100046,3_dose,reduced_coverage_lower,5072,241,41,139289,AGO
100047,3_dose,reduced_coverage_lower,1886,108,18,68595,AGO
100048,3_dose,reduced_coverage_lower,5754,269,46,136763,AGO
100049,3_dose,reduced_coverage_lower,7285,280,48,101986,AGO
100050,3_dose,reduced_coverage_lower,404,31,5,58992,AGO
100051,3_dose,reduced_coverage_lower,7777,381,65,201495,AGO
100052,3_dose,reduced_coverage_lower,2335,117,20,71529,AGO
100176,3_dose,reduced_coverage_lower,1957,126,20,65046,BDI
100177,3_dose,reduced_coverage_lower,1004,76,12,102812,BDI
100178,3_dose,reduced_coverage_lower,1199,87,14,91819,BDI
100179,3_dose,reduced_coverage_lower,1039,75,12,62304,BDI
100180,3_dose,reduced_coverage_lower,5937,215,34,44074,BDI
100181,3_dose,reduced_coverage_lower,5006,267,42,89591,BDI
100182,3_dose,reduced_coverage_lower,6773,347,55,123144,BDI
100183,3_dose,reduced_coverage_lower,7796,325,52,80875,BDI
100184,3_dose,reduced_coverage_lower,5196,299,47,109299,BDI
100185,3_dose,reduced_coverage_lower,16289,627,100,122890,BDI
100186,3_dose,reduced_coverage_lower,2409,151,24,67476,BDI
100187,3_dose,reduced_coverage_lower,970,66,11,40109,BDI
100188,3_dose,reduced_coverage_lower,15547,620,99,127457,BDI
100189,3_dose,reduced_coverage_lower,729,46,7,21319,BDI
100190,3_dose,reduced_coverage_lower,11724,534,85,128603,BDI
100191,3_dose,reduced_coverage_lower,3470,180,29,62155,BDI
100192,3_dose,reduced_coverage_lower,7425,310,49,82189,BDI
100196,3_dose,reduced_coverage_lower,17568,490,88,99243,BEN
100197,3_dose,reduced_coverage_lower,17422,535,96,101914,BEN
100198,3_dose,reduced_coverage_lower,33924,1068,192,214909,BEN
100199,3_dose,reduced_coverage_lower,23234,750,135,139037,BEN
100200,3_dose,reduced_coverage_lower,18861,562,101,102101,BEN
100201,3_dose,reduced_coverage_lower,14222,328,59,65522,BEN
100202,3_dose,reduced_coverage_lower,23230,532,96,103813,BEN
100203,3_dose,reduced_coverage_lower,1591,82,15,29034,BEN
100204,3_dose,reduced_coverage_lower,15197,351,63,63305,BEN
100205,3_dose,reduced_coverage_lower,12890,511,92,134062,BEN
100206,3_dose,reduced_coverage_lower,9536,345,62,77919,BEN
100207,3_dose,reduced_coverage_lower,17326,572,103,111080,BEN
100211,3_dose,reduced_coverage_lower,82406,1514,251,251869,BFA
100212,3_dose,reduced_coverage_lower,21195,472,78,94538,BFA
100213,3_dose,reduced_coverage_lower,18555,944,156,321776,BFA
100214,3_dose,reduced_coverage_lower,43996,1030,170,197357,BFA
100215,3_dose,reduced_coverage_lower,51874,1204,199,203820,BFA
100216,3_dose,reduced_coverage_lower,48645,1217,201,202849,BFA
100217,3_dose,reduced_coverage_lower,19205,549,91,113029,BFA
100218,3_dose,reduced_coverage_lower,61580,1311,217,209192,BFA
100219,3_dose,reduced_coverage_lower,56602,1539,255,258695,BFA
100220,3_dose,reduced_coverage_lower,51739,1308,216,206271,BFA
100221,3_dose,reduced_coverage_lower,22076,651,108,119427,BFA
100222,3_dose,reduced_coverage_lower,54977,1171,194,167924,BFA
100223,3_dose,reduced_coverage_lower,42039,715,118,105864,BFA
100409,3_dose,reduced_coverage_lower,341,12,2,5407,CAF
100410,3_dose,reduced_coverage_lower,2635,82,14,26275,CAF
100411,3_dose,reduced_coverage_lower,4177,93,16,31052,CAF
100412,3_dose,reduced_coverage_lower,1113,22,4,6753,CAF
100413,3_dose,reduced_coverage_lower,856,29,5,10891,CAF
100414,3_dose,reduced_coverage_lower,1809,46,8,14969,CAF
100415,3_dose,reduced_coverage_lower,3688,91,15,30691,CAF
100416,3_dose,reduced_coverage_lower,2988,98,16,45809,CAF
100417,3_dose,reduced_coverage_lower,3626,72,12,20355,CAF
100418,3_dose,reduced_coverage_lower,1282,41,7,14582,CAF
100419,3_dose,reduced_coverage_lower,1744,71,12,29285,CAF
100420,3_dose,reduced_coverage_lower,9733,241,40,93769,CAF
100421,3_dose,reduced_coverage_lower,3522,85,14,34666,CAF
100422,3_dose,reduced_coverage_lower,3335,121,20,46417,CAF
100423,3_dose,reduced_coverage_lower,3151,122,20,53760,CAF
100424,3_dose,reduced_coverage_lower,1145,37,6,12748,CAF
100425,3_dose,reduced_coverage_lower,268,12,2,6539,CAF
100512,3_dose,reduced_coverage_lower,30795,1532,282,574074,CIV
100513,3_dose,reduced_coverage_lower,7440,291,54,77946,CIV
100514,3_dose,reduced_coverage_lower,35057,853,157,171203,CIV
100515,3_dose,reduced_coverage_lower,9038,250,46,40877,CIV
100516,3_dose,reduced_coverage_lower,9045,514,95,211794,CIV
100517,3_dose,reduced_coverage_lower,16232,696,128,177360,CIV
100518,3_dose,reduced_coverage_lower,31671,1019,188,211155,CIV
100519,3_dose,reduced_coverage_lower,53563,1227,226,232844,CIV
100520,3_dose,reduced_coverage_lower,42404,1312,242,274282,CIV
100521,3_dose,reduced_coverage_lower,21533,785,145,181031,CIV
100522,3_dose,reduced_coverage_lower,33259,996,183,202412,CIV
100523,3_dose,reduced_coverage_lower,23912,429,79,85257,CIV
100524,3_dose,reduced_coverage_lower,3178,155,29,47474,CIV
100525,3_dose,reduced_coverage_lower,28944,680,125,122931,CIV
100526,3_dose,reduced_coverage_lower,14465,575,110,128488,CMR
100527,3_dose,reduced_coverage_lower,62227,2256,430,452369,CMR
100528,3_dose,reduced_coverage_lower,19399,648,124,129934,CMR
100529,3_dose,reduced_coverage_lower,10328,720,137,482366,CMR
100530,3_dose,reduced_coverage_lower,29801,1319,251,380350,CMR
100531,3_dose,reduced_coverage_lower,7850,441,84,218042,CMR
100532,3_dose,reduced_coverage_lower,21663,1038,198,315645,CMR
100533,3_dose,reduced_coverage_lower,17727,938,179,341711,CMR
100534,3_dose,reduced_coverage_lower,21078,504,96,85649,CMR
100535,3_dose,reduced_coverage_lower,27883,1011,193,216898,CMR
100536,3_dose,reduced_coverage_lower,34455,739,133,142660,COD
100537,3_dose,reduced_coverage_lower,29649,967,174,221273,COD
100538,3_dose,reduced_coverage_lower,67323,1755,316,329433,COD
100539,3_dose,reduced_coverage_lower,69290,2090,377,429231,COD
100540,3_dose,reduced_coverage_lower,239356,4981,898,923169,COD
100541,3_dose,reduced_coverage_lower,136082,3154,569,596790,COD
100542,3_dose,reduced_coverage_lower,41134,1647,297,405650,COD
100543,3_dose,reduced_coverage_lower,60447,2015,363,459273,COD
100544,3_dose,reduced_coverage_lower,27137,1279,231,411726,COD
100545,3_dose,reduced_coverage_lower,90850,3840,692,999892,COD
100546,3_dose,reduced_coverage_lower,73290,2196,396,428069,COD
100547,3_dose,reduced_coverage_lower,19603,874,158,249489,COD
100548,3_dose,reduced_coverage_lower,47775,2175,392,670504,COD
100549,3_dose,reduced_coverage_lower,80790,2007,362,360737,COD
100550,3_dose,reduced_coverage_lower,73530,1743,314,280386,COD
100551,3_dose,reduced_coverage_lower,36321,1070,193,224278,COD
100552,3_dose,reduced_coverage_lower,58945,1463,264,285579,COD
100553,3_dose,reduced_coverage_lower,22192,877,158,225207,COD
100554,3_dose,reduced_coverage_lower,39024,1899,342,628177,COD
100555,3_dose,reduced_coverage_lower,44752,937,169,161998,COD
100556,3_dose,reduced_coverage_lower,39613,1464,264,330838,COD
100557,3_dose,reduced_coverage_lower,33938,1532,276,423168,COD
100558,3_dose,reduced_coverage_lower,47125,1512,273,310052,COD
100559,3_dose,reduced_coverage_lower,74207,1666,300,298543,COD
100560,3_dose,reduced_coverage_lower,96906,2218,400,388336,COD
100561,3_dose,reduced_coverage_lower,28225,808,146,155707,COD
100562,3_dose,reduced_coverage_lower,4844,176,31,46368,COG
100563,3_dose,reduced_coverage_lower,10359,354,61,85214,COG
100564,3_dose,reduced_coverage_lower,2552,85,15,21996,COG
100565,3_dose,reduced_coverage_lower,1335,36,6,8332,COG
100566,3_dose,reduced_coverage_lower,12495,376,65,89727,COG
100567,3_dose,reduced_coverage_lower,2090,59,10,12257,COG
100568,3_dose,reduced_coverage_lower,2419,66,12,14146,COG
100569,3_dose,reduced_coverage_lower,6432,159,28,37077,COG
100570,3_dose,reduced_coverage_lower,3020,99,17,28148,COG
100571,3_dose,reduced_coverage_lower,3667,133,23,40686,COG
100572,3_dose,reduced_coverage_lower,23296,780,135,178973,COG
100573,3_dose,reduced_coverage_lower,2421,62,11,11616,COG
100935,3_dose,reduced_coverage_lower,3512,187,32,71314,GAB
100936,3_dose,reduced_coverage_lower,1198,65,11,24728,GAB
100937,3_dose,reduced_coverage_lower,368,18,3,5945,GAB
100938,3_dose,reduced_coverage_lower,702,31,5,9563,GAB
100939,3_dose,reduced_coverage_lower,297,14,2,4406,GAB
100940,3_dose,reduced_coverage_lower,444,22,4,6349,GAB
100941,3_dose,reduced_coverage_lower,333,16,3,6494,GAB
100942,3_dose,reduced_coverage_lower,505,27,5,12489,GAB
100943,3_dose,reduced_coverage_lower,904,44,8,15412,GAB
100975,3_dose,reduced_coverage_lower,92295,2747,474,479457,GHA
100976,3_dose,reduced_coverage_lower,72447,1512,261,231445,GHA
100977,3_dose,reduced_coverage_lower,98591,1559,269,212044,GHA
100978,3_dose,reduced_coverage_lower,106769,1557,269,264810,GHA
100979,3_dose,reduced_coverage_lower,36494,1572,271,338437,GHA
100980,3_dose,reduced_coverage_lower,95769,1693,292,245700,GHA
100981,3_dose,reduced_coverage_lower,17601,609,105,103478,GHA
100982,3_dose,reduced_coverage_lower,24360,535,92,67899,GHA
100983,3_dose,reduced_coverage_lower,98832,1495,258,218358,GHA
100984,3_dose,reduced_coverage_lower,91263,1476,255,227753,GHA
100985,3_dose,reduced_coverage_lower,10092,367,68,142783,GIN
100986,3_dose,reduced_coverage_lower,9707,410,76,190994,GIN
100987,3_dose,reduced_coverage_lower,23239,366,68,110686,GIN
100988,3_dose,reduced_coverage_lower,25739,560,104,205392,GIN
100989,3_dose,reduced_coverage_lower,49615,788,146,222177,GIN
100990,3_dose,reduced_coverage_lower,6765,264,49,130387,GIN
100991,3_dose,reduced_coverage_lower,17963,372,69,111881,GIN
100992,3_dose,reduced_coverage_lower,79284,1178,219,311412,GIN
101013,3_dose,reduced_coverage_lower,931,24,4,11166,GNQ
101014,3_dose,reduced_coverage_lower,909,20,3,14668,GNQ
101015,3_dose,reduced_coverage_lower,1354,35,5,23850,GNQ
101016,3_dose,reduced_coverage_lower,1175,24,4,13573,GNQ
101461,3_dose,reduced_coverage_lower,647,50,8,60559,KEN
101462,3_dose,reduced_coverage_lower,330,29,5,96436,KEN
101463,3_dose,reduced_coverage_lower,10129,538,85,202014,KEN
101464,3_dose,reduced_coverage_lower,18348,487,77,90670,KEN
101465,3_dose,reduced_coverage_lower,180,15,2,21894,KEN
101466,3_dose,reduced_coverage_lower,731,54,9,77368,KEN
101467,3_dose,reduced_coverage_lower,604,46,7,66453,KEN
101468,3_dose,reduced_coverage_lower,8123,394,63,131564,KEN
101469,3_dose,reduced_coverage_lower,161,13,2,17407,KEN
101470,3_dose,reduced_coverage_lower,352,28,4,57621,KEN
101471,3_dose,reduced_coverage_lower,14018,681,108,198703,KEN
101472,3_dose,reduced_coverage_lower,97,9,1,94201,KEN
101473,3_dose,reduced_coverage_lower,881,69,11,101021,KEN
101474,3_dose,reduced_coverage_lower,7168,392,62,140884,KEN
101475,3_dose,reduced_coverage_lower,845,64,10,80963,KEN
101476,3_dose,reduced_coverage_lower,2578,178,28,166866,KEN
101477,3_dose,reduced_coverage_lower,9067,435,69,149847,KEN
101478,3_dose,reduced_coverage_lower,1026,83,13,141344,KEN
101479,3_dose,reduced_coverage_lower,7554,307,49,90750,KEN
101480,3_dose,reduced_coverage_lower,198,16,2,28052,KEN
101481,3_dose,reduced_coverage_lower,159,12,2,12723,KEN
101482,3_dose,reduced_coverage_lower,993,80,13,159053,KEN
101483,3_dose,reduced_coverage_lower,813,62,10,134026,KEN
101484,3_dose,reduced_coverage_lower,485,37,6,44326,KEN
101485,3_dose,reduced_coverage_lower,344,26,4,31084,KEN
101486,3_dose,reduced_coverage_lower,2612,191,30,176335,KEN
101487,3_dose,reduced_coverage_lower,6059,308,49,122310,KEN
101488,3_dose,reduced_coverage_lower,3392,199,32,121878,KEN
101489,3_dose,reduced_coverage_lower,887,72,11,140448,KEN
101490,3_dose,reduced_coverage_lower,20,2,0,3299,KEN
101491,3_dose,reduced_coverage_lower,500,44,7,132821,KEN
101492,3_dose,reduced_coverage_lower,1520,106,17,98113,KEN
101493,3_dose,reduced_coverage_lower,177,15,2,68997,KEN
101494,3_dose,reduced_coverage_lower,802,62,10,81420,KEN
101495,3_dose,reduced_coverage_lower,-0,-0,-0,1385,KEN
101496,3_dose,reduced_coverage_lower,187,16,2,73562,KEN
101497,3_dose,reduced_coverage_lower,228,16,3,18444,KEN
101498,3_dose,reduced_coverage_lower,22249,642,102,128491,KEN
101499,3_dose,reduced_coverage_lower,656,45,7,43453,KEN
101500,3_dose,reduced_coverage_lower,537,39,6,33932,KEN
101501,3_dose,reduced_coverage_lower,531,39,6,51148,KEN
101502,3_dose,reduced_coverage_lower,1186,87,14,98630,KEN
101503,3_dose,reduced_coverage_lower,4407,219,35,74861,KEN
101504,3_dose,reduced_coverage_lower,549,46,7,87299,KEN
101505,3_dose,reduced_coverage_lower,7972,310,49,85162,KEN
101506,3_dose,reduced_coverage_lower,305,23,4,54182,KEN
101507,3_dose,reduced_coverage_lower,2138,113,18,47606,KEN
101605,3_dose,reduced_coverage_lower,2206,77,13,16681,LBR
101606,3_dose,reduced_coverage_lower,5596,208,34,48017,LBR
101607,3_dose,reduced_coverage_lower,2257,67,11,12235,LBR
101608,3_dose,reduced_coverage_lower,3527,94,16,17571,LBR
101609,3_dose,reduced_coverage_lower,2673,111,18,29951,LBR
101610,3_dose,reduced_coverage_lower,1829,74,12,18571,LBR
101611,3_dose,reduced_coverage_lower,1587,46,8,8636,LBR
101612,3_dose,reduced_coverage_lower,6035,216,35,41240,LBR
101613,3_dose,reduced_coverage_lower,4641,175,29,40133,LBR
101614,3_dose,reduced_coverage_lower,2007,75,12,17938,LBR
101615,3_dose,reduced_coverage_lower,7414,379,62,145351,LBR
101616,3_dose,reduced_coverage_lower,6381,258,42,70710,LBR
101617,3_dose,reduced_coverage_lower,1217,48,8,10137,LBR
101618,3_dose,reduced_coverage_lower,2281,70,11,11774,LBR
101619,3_dose,reduced_coverage_lower,1994,67,11,14108,LBR
101893,3_dose,reduced_coverage_lower,4250,283,53,353169,MLI
101894,3_dose,reduced_coverage_lower,6366,260,49,89098,MLI
101895,3_dose,reduced_coverage_lower,54346,1831,343,417008,MLI
101896,3_dose,reduced_coverage_lower,481,23,4,8667,MLI
101897,3_dose,reduced_coverage_lower,43711,1670,313,535657,MLI
101898,3_dose,reduced_coverage_lower,82882,1978,370,433117,MLI
101899,3_dose,reduced_coverage_lower,71944,2210,414,494354,MLI
101900,3_dose,reduced_coverage_lower,109715,2441,457,552652,MLI
101901,3_dose,reduced_coverage_lower,21701,498,93,121520,MLI
101969,3_dose,reduced_coverage_lower,50971,1390,228,269774,MOZ
101970,3_dose,reduced_coverage_lower,10059,510,84,170341,MOZ
101971,3_dose,reduced_coverage_lower,22073,911,150,218240,MOZ
101972,3_dose,reduced_coverage_lower,25973,1091,179,269799,MOZ
101973,3_dose,reduced_coverage_lower,4645,263,43,124325,MOZ
101974,3_dose,reduced_coverage_lower,5920,398,66,295084,MOZ
101975,3_dose,reduced_coverage_lower,252756,4079,671,700485,MOZ
101976,3_dose,reduced_coverage_lower,42965,1280,210,229048,MOZ
101977,3_dose,reduced_coverage_lower,37553,1313,216,276288,MOZ
101978,3_dose,reduced_coverage_lower,51510,1726,284,350034,MOZ
101979,3_dose,reduced_coverage_lower,226085,3957,651,684316,MOZ
102012,3_dose,reduced_coverage_lower,11229,346,56,59333,MWI
102013,3_dose,reduced_coverage_lower,14655,668,108,179143,MWI
102014,3_dose,reduced_coverage_lower,11245,388,63,77929,MWI
102015,3_dose,reduced_coverage_lower,3117,157,25,48664,MWI
102016,3_dose,reduced_coverage_lower,5668,185,30,31260,MWI
102017,3_dose,reduced_coverage_lower,15980,570,93,110935,MWI
102018,3_dose,reduced_coverage_lower,14913,514,83,97396,MWI
102019,3_dose,reduced_coverage_lower,8863,289,47,50465,MWI
102020,3_dose,reduced_coverage_lower,20874,628,102,111927,MWI
102021,3_dose,reduced_coverage_lower,3,0,0,27,MWI
102022,3_dose,reduced_coverage_lower,39956,1628,264,346107,MWI
102023,3_dose,reduced_coverage_lower,17310,531,86,86224,MWI
102024,3_dose,reduced_coverage_lower,27896,878,142,145707,MWI
102025,3_dose,reduced_coverage_lower,10357,399,65,80094,MWI
102026,3_dose,reduced_coverage_lower,9897,407,66,92876,MWI
102027,3_dose,reduced_coverage_lower,2555,84,14,16216,MWI
102028,3_dose,reduced_coverage_lower,27225,878,142,151718,MWI
102029,3_dose,reduced_coverage_lower,3018,104,17,19063,MWI
102030,3_dose,reduced_coverage_lower,6734,220,36,42643,MWI
102031,3_dose,reduced_coverage_lower,11294,328,53,57568,MWI
102032,3_dose,reduced_coverage_lower,6707,223,36,39297,MWI
102033,3_dose,reduced_coverage_lower,14862,444,72,81897,MWI
102034,3_dose,reduced_coverage_lower,6026,209,34,39972,MWI
102035,3_dose,reduced_coverage_lower,5186,219,36,55912,MWI
102036,3_dose,reduced_coverage_lower,5314,175,28,31881,MWI
102037,3_dose,reduced_coverage_lower,8786,313,51,62194,MWI
102038,3_dose,reduced_coverage_lower,11368,463,75,103501,MWI
102039,3_dose,reduced_coverage_lower,11035,471,76,120833,MWI
102076,3_dose,reduced_coverage_lower,128,11,2,18912,NAM
102089,3_dose,reduced_coverage_lower,4925,268,45,101384,NER
102090,3_dose,reduced_coverage_lower,7130,333,57,108011,NER
102091,3_dose,reduced_coverage_lower,156354,3616,614,572263,NER
102092,3_dose,reduced_coverage_lower,128826,4451,755,872216,NER
102093,3_dose,reduced_coverage_lower,33553,1408,239,335086,NER
102094,3_dose,reduced_coverage_lower,134332,3907,663,705548,NER
102095,3_dose,reduced_coverage_lower,81066,2906,493,687473,NER
102096,3_dose,reduced_coverage_lower,73357,3118,529,745377,NER
102097,3_dose,reduced_coverage_lower,16468,816,133,543933,NGA
102098,3_dose,reduced_coverage_lower,81517,1329,216,529414,NGA
102099,3_dose,reduced_coverage_lower,27349,1262,205,705073,NGA
102100,3_dose,reduced_coverage_lower,10678,655,107,776953,NGA
102101,3_dose,reduced_coverage_lower,57137,1970,320,856579,NGA
102102,3_dose,reduced_coverage_lower,18507,682,111,288455,NGA
102103,3_dose,reduced_coverage_lower,73720,1997,324,780048,NGA
102104,3_dose,reduced_coverage_lower,45270,1556,253,768014,NGA
102105,3_dose,reduced_coverage_lower,53941,1505,245,538951,NGA
102106,3_dose,reduced_coverage_lower,20455,1087,177,726178,NGA
102107,3_dose,reduced_coverage_lower,30251,858,139,378853,NGA
102108,3_dose,reduced_coverage_lower,36575,1373,223,616999,NGA
102109,3_dose,reduced_coverage_lower,44734,1122,182,410039,NGA
102110,3_dose,reduced_coverage_lower,12487,662,108,598379,NGA
102111,3_dose,reduced_coverage_lower,13094,487,79,230147,NGA
102112,3_dose,reduced_coverage_lower,59871,1254,204,442245,NGA
102113,3_dose,reduced_coverage_lower,15943,917,149,697729,NGA
102114,3_dose,reduced_coverage_lower,69880,2170,353,829211,NGA
102115,3_dose,reduced_coverage_lower,175994,3791,616,1128605,NGA
102116,3_dose,reduced_coverage_lower,130200,4581,745,1748385,NGA
102117,3_dose,reduced_coverage_lower,119826,3167,515,1065523,NGA
102118,3_dose,reduced_coverage_lower,135465,1835,298,605579,NGA
102119,3_dose,reduced_coverage_lower,25624,1144,186,615543,NGA
102120,3_dose,reduced_coverage_lower,61159,1309,213,461682,NGA
102121,3_dose,reduced_coverage_lower,23206,1411,229,1813386,NGA
102122,3_dose,reduced_coverage_lower,42207,959,156,352116,NGA
102123,3_dose,reduced_coverage_lower,85789,1696,276,712204,NGA
102124,3_dose,reduced_coverage_lower,45075,1524,248,670160,NGA
102125,3_dose,reduced_coverage_lower,52109,1212,197,573009,NGA
102126,3_dose,reduced_coverage_lower,82684,2142,348,722889,NGA
102127,3_dose,reduced_coverage_lower,129518,2917,474,1060077,NGA
102128,3_dose,reduced_coverage_lower,70770,1658,269,593633,NGA
102129,3_dose,reduced_coverage_lower,10339,600,98,805734,NGA
102130,3_dose,reduced_coverage_lower,134431,1758,286,661067,NGA
102131,3_dose,reduced_coverage_lower,73738,1228,200,427040,NGA
102132,3_dose,reduced_coverage_lower,31777,996,162,428632,NGA
102133,3_dose,reduced_coverage_lower,152722,2368,385,599648,NGA
102759,3_dose,reduced_coverage_lower,48496,991,156,162917,SLE
102760,3_dose,reduced_coverage_lower,70948,1425,225,223983,SLE
102761,3_dose,reduced_coverage_lower,35887,836,132,142668,SLE
102762,3_dose,reduced_coverage_lower,9026,389,61,106253,SLE
102831,3_dose,reduced_coverage_lower,6439,271,52,191066,SSD
102832,3_dose,reduced_coverage_lower,5294,178,34,144493,SSD
102833,3_dose,reduced_coverage_lower,4169,219,42,241578,SSD
102834,3_dose,reduced_coverage_lower,2336,94,18,123160,SSD
102835,3_dose,reduced_coverage_lower,2347,125,24,149761,SSD
102836,3_dose,reduced_coverage_lower,1048,63,12,104924,SSD
102837,3_dose,reduced_coverage_lower,2761,157,30,176762,SSD
102838,3_dose,reduced_coverage_lower,1662,99,19,148748,SSD
102839,3_dose,reduced_coverage_lower,792,36,7,44236,SSD
102840,3_dose,reduced_coverage_lower,4435,161,31,110488,SSD
102944,3_dose,reduced_coverage_lower,988,53,10,42302,TCD
102945,3_dose,reduced_coverage_lower,1997,126,25,94032,TCD
102946,3_dose,reduced_coverage_lower,20,1,0,870,TCD
102947,3_dose,reduced_coverage_lower,3636,161,31,125894,TCD
102948,3_dose,reduced_coverage_lower,143,8,2,6631,TCD
102949,3_dose,reduced_coverage_lower,29,2,0,2018,TCD
102950,3_dose,reduced_coverage_lower,2368,133,26,107490,TCD
102951,3_dose,reduced_coverage_lower,3279,160,31,111441,TCD
102952,3_dose,reduced_coverage_lower,1847,83,16,54690,TCD
102953,3_dose,reduced_coverage_lower,2797,143,28,86719,TCD
102954,3_dose,reduced_coverage_lower,2128,114,22,94633,TCD
102955,3_dose,reduced_coverage_lower,6465,324,63,191366,TCD
102956,3_dose,reduced_coverage_lower,5709,242,47,121900,TCD
102957,3_dose,reduced_coverage_lower,3734,198,39,142521,TCD
102958,3_dose,reduced_coverage_lower,3224,164,32,107787,TCD
102959,3_dose,reduced_coverage_lower,5382,226,44,114414,TCD
102960,3_dose,reduced_coverage_lower,1768,120,23,142543,TCD
102961,3_dose,reduced_coverage_lower,3022,127,25,59344,TCD
102962,3_dose,reduced_coverage_lower,1590,85,16,63098,TCD
102963,3_dose,reduced_coverage_lower,3335,188,37,131532,TCD
102964,3_dose,reduced_coverage_lower,0,0,0,6,TCD
102965,3_dose,reduced_coverage_lower,7479,307,60,169356,TCD
102966,3_dose,reduced_coverage_lower,1602,104,20,96564,TCD
102967,3_dose,reduced_coverage_lower,22302,462,84,81344,TGO
102968,3_dose,reduced_coverage_lower,26243,667,121,103203,TGO
102969,3_dose,reduced_coverage_lower,81437,2121,385,335234,TGO
102970,3_dose,reduced_coverage_lower,58368,1205,219,182266,TGO
102971,3_dose,reduced_coverage_lower,17467,572,104,110524,TGO
103217,3_dose,reduced_coverage_lower,7938,535,78,269531,TZA
103218,3_dose,reduced_coverage_lower,21941,1266,184,489445,TZA
103219,3_dose,reduced_coverage_lower,16105,981,143,352745,TZA
103220,3_dose,reduced_coverage_lower,32165,1282,186,264828,TZA
103221,3_dose,reduced_coverage_lower,7560,434,63,151355,TZA
103222,3_dose,reduced_coverage_lower,25887,1304,189,413462,TZA
103223,3_dose,reduced_coverage_lower,7384,343,50,95114,TZA
103224,3_dose,reduced_coverage_lower,27046,1222,177,309228,TZA
103225,3_dose,reduced_coverage_lower,5948,427,62,258065,TZA
103226,3_dose,reduced_coverage_lower,16352,665,97,152018,TZA
103227,3_dose,reduced_coverage_lower,9193,571,83,245291,TZA
103228,3_dose,reduced_coverage_lower,9384,571,83,316819,TZA
103229,3_dose,reduced_coverage_lower,28811,1527,222,442558,TZA
103230,3_dose,reduced_coverage_lower,28796,1291,187,355315,TZA
103231,3_dose,reduced_coverage_lower,19766,933,135,217794,TZA
103232,3_dose,reduced_coverage_lower,27144,1370,199,431727,TZA
103233,3_dose,reduced_coverage_lower,5055,284,41,95237,TZA
103234,3_dose,reduced_coverage_lower,1569,99,14,45824,TZA
103235,3_dose,reduced_coverage_lower,1614,101,15,46926,TZA
103236,3_dose,reduced_coverage_lower,14782,721,105,181683,TZA
103237,3_dose,reduced_coverage_lower,7750,457,66,167464,TZA
103238,3_dose,reduced_coverage_lower,19539,910,132,225778,TZA
103239,3_dose,reduced_coverage_lower,19113,969,141,290555,TZA
103240,3_dose,reduced_coverage_lower,14020,811,118,296817,TZA
103241,3_dose,reduced_coverage_lower,8765,531,77,229536,TZA
103242,3_dose,reduced_coverage_lower,25381,1329,193,405941,TZA
103243,3_dose,reduced_coverage_lower,14739,854,124,316898,TZA
103244,3_dose,reduced_coverage_lower,946,59,9,26388,TZA
103245,3_dose,reduced_coverage_lower,908,51,7,17560,TZA
103246,3_dose,reduced_coverage_lower,992,66,10,38353,TZA
103247,3_dose,reduced_coverage_lower,4386,188,29,46442,UGA
103248,3_dose,reduced_coverage_lower,26974,807,126,159806,UGA
103249,3_dose,reduced_coverage_lower,15416,694,108,199303,UGA
103250,3_dose,reduced_coverage_lower,11087,319,50,62572,UGA
103251,3_dose,reduced_coverage_lower,2804,148,23,49652,UGA
103252,3_dose,reduced_coverage_lower,8803,499,78,182200,UGA
103253,3_dose,reduced_coverage_lower,6029,177,27,36836,UGA
103254,3_dose,reduced_coverage_lower,20458,645,100,117499,UGA
103255,3_dose,reduced_coverage_lower,8372,316,49,84332,UGA
103256,3_dose,reduced_coverage_lower,34603,936,146,175859,UGA
103257,3_dose,reduced_coverage_lower,18237,532,83,99516,UGA
103258,3_dose,reduced_coverage_lower,126,9,1,7043,UGA
103259,3_dose,reduced_coverage_lower,5153,258,40,83859,UGA
103260,3_dose,reduced_coverage_lower,6563,171,27,34042,UGA
103261,3_dose,reduced_coverage_lower,255,13,2,5396,UGA
103262,3_dose,reduced_coverage_lower,4351,311,48,302371,UGA
103263,3_dose,reduced_coverage_lower,35365,916,143,177793,UGA
103264,3_dose,reduced_coverage_lower,4438,215,33,67971,UGA
103265,3_dose,reduced_coverage_lower,1686,100,16,49824,UGA
103266,3_dose,reduced_coverage_lower,1923,108,17,41556,UGA
103267,3_dose,reduced_coverage_lower,3722,229,36,123216,UGA
103268,3_dose,reduced_coverage_lower,18449,418,65,74635,UGA
103269,3_dose,reduced_coverage_lower,13747,418,65,73725,UGA
103270,3_dose,reduced_coverage_lower,9459,393,61,101976,UGA
103271,3_dose,reduced_coverage_lower,3274,168,26,56323,UGA
103272,3_dose,reduced_coverage_lower,204,14,2,7105,UGA
103273,3_dose,reduced_coverage_lower,11420,373,58,69658,UGA
103274,3_dose,reduced_coverage_lower,35593,804,125,147150,UGA
103275,3_dose,reduced_coverage_lower,19195,562,87,99177,UGA
103276,3_dose,reduced_coverage_lower,7852,333,52,92354,UGA
103279,3_dose,reduced_coverage_lower,28395,758,118,160388,UGA
103280,3_dose,reduced_coverage_lower,11032,445,69,119661,UGA
103281,3_dose,reduced_coverage_lower,14074,620,96,195175,UGA
103282,3_dose,reduced_coverage_lower,16503,556,87,112313,UGA
103283,3_dose,reduced_coverage_lower,8188,241,38,47014,UGA
103284,3_dose,reduced_coverage_lower,9946,518,81,180132,UGA
103285,3_dose,reduced_coverage_lower,14972,779,121,260516,UGA
103286,3_dose,reduced_coverage_lower,10369,233,36,45794,UGA
103287,3_dose,reduced_coverage_lower,2451,131,20,48753,UGA
103288,3_dose,reduced_coverage_lower,5582,285,44,101211,UGA
103289,3_dose,reduced_coverage_lower,11133,545,85,171463,UGA
103290,3_dose,reduced_coverage_lower,19325,813,127,195716,UGA
103291,3_dose,reduced_coverage_lower,7837,216,34,38594,UGA
103292,3_dose,reduced_coverage_lower,4004,137,21,31992,UGA
103293,3_dose,reduced_coverage_lower,17588,514,80,98194,UGA
103294,3_dose,reduced_coverage_lower,3151,192,30,96222,UGA
103295,3_dose,reduced_coverage_lower,14712,453,70,81856,UGA
103296,3_dose,reduced_coverage_lower,23803,665,104,129575,UGA
103297,3_dose,reduced_coverage_lower,9635,375,58,115063,UGA
103298,3_dose,reduced_coverage_lower,2969,163,25,62493,UGA
103299,3_dose,reduced_coverage_lower,4563,185,29,44873,UGA
103300,3_dose,reduced_coverage_lower,3862,187,29,58499,UGA
103301,3_dose,reduced_coverage_lower,15436,464,72,91600,UGA
103302,3_dose,reduced_coverage_lower,24605,712,111,133161,UGA
103303,3_dose,reduced_coverage_lower,7940,486,76,252871,UGA
103304,3_dose,reduced_coverage_lower,5196,236,37,64006,UGA
103591,3_dose,reduced_coverage_lower,30738,1303,199,275514,ZMB
103592,3_dose,reduced_coverage_lower,49330,1857,283,393359,ZMB
103593,3_dose,reduced_coverage_lower,46920,1675,255,320518,ZMB
103594,3_dose,reduced_coverage_lower,65754,1343,205,193778,ZMB
103595,3_dose,reduced_coverage_lower,11148,732,112,417297,ZMB
103596,3_dose,reduced_coverage_lower,49292,1015,155,147367,ZMB
103597,3_dose,reduced_coverage_lower,36737,940,143,139946,ZMB
103598,3_dose,reduced_coverage_lower,53279,1387,211,223217,ZMB
103599,3_dose,reduced_coverage_lower,5278,400,61,320326,ZMB
103600,3_dose,reduced_coverage_lower,26240,962,147,176296,ZMB
100035,3_dose,reduced_coverage_upper,1884,105,18,64019,AGO
100036,3_dose,reduced_coverage_upper,3087,212,36,312790,AGO
100037,3_dose,reduced_coverage_upper,12957,512,87,206046,AGO
100038,3_dose,reduced_coverage_upper,3517,168,29,79941,AGO
100039,3_dose,reduced_coverage_upper,5504,215,37,72521,AGO
100040,3_dose,reduced_coverage_upper,4536,173,30,69114,AGO
100041,3_dose,reduced_coverage_upper,13597,561,96,238514,AGO
100042,3_dose,reduced_coverage_upper,2785,161,27,116391,AGO
100043,3_dose,reduced_coverage_upper,2772,200,34,294119,AGO
100044,3_dose,reduced_coverage_upper,3646,258,44,380718,AGO
100045,3_dose,reduced_coverage_upper,9757,689,117,913043,AGO
100046,3_dose,reduced_coverage_upper,5072,241,41,139289,AGO
100047,3_dose,reduced_coverage_upper,1886,108,18,68595,AGO
100048,3_dose,reduced_coverage_upper,5754,269,46,136763,AGO
100049,3_dose,reduced_coverage_upper,7285,280,48,101986,AGO
100050,3_dose,reduced_coverage_upper,404,31,5,58992,AGO
100051,3_dose,reduced_coverage_upper,7777,381,65,201495,AGO
100052,3_dose,reduced_coverage_upper,2335,117,20,71529,AGO
100176,3_dose,reduced_coverage_upper,1957,126,20,65046,BDI
100177,3_dose,reduced_coverage_upper,1004,76,12,102812,BDI
100178,3_dose,reduced_coverage_upper,1199,87,14,91819,BDI
100179,3_dose,reduced_coverage_upper,1039,75,12,62304,BDI
100180,3_dose,reduced_coverage_upper,5937,215,34,44074,BDI
100181,3_dose,reduced_coverage_upper,5006,267,42,89591,BDI
100182,3_dose,reduced_coverage_upper,6773,347,55,123144,BDI
100183,3_dose,reduced_coverage_upper,7796,325,52,80875,BDI
100184,3_dose,reduced_coverage_upper,5196,299,47,109299,BDI
100185,3_dose,reduced_coverage_upper,16289,627,100,122890,BDI
100186,3_dose,reduced_coverage_upper,2409,151,24,67476,BDI
100187,3_dose,reduced_coverage_upper,970,66,11,40109,BDI
100188,3_dose,reduced_coverage_upper,15547,620,99,127457,BDI
100189,3_dose,reduced_coverage_upper,729,46,7,21319,BDI
100190,3_dose,reduced_coverage_upper,11724,534,85,128603,BDI
100191,3_dose,reduced_coverage_upper,3470,180,29,62155,BDI
100192,3_dose,reduced_coverage_upper,7425,310,49,82189,BDI
100196,3_dose,reduced_coverage_upper,17568,490,88,99243,BEN
100197,3_dose,reduced_coverage_upper,17422,535,96,101914,BEN
100198,3_dose,reduced_coverage_upper,33924,1068,192,214909,BEN
100199,3_dose,reduced_coverage_upper,23234,750,135,139037,BEN
100200,3_dose,reduced_coverage_upper,18861,562,101,102101,BEN
100201,3_dose,reduced_coverage_upper,14222,328,59,65522,BEN
100202,3_dose,reduced_coverage_upper,23230,532,96,103813,BEN
100203,3_dose,reduced_coverage_upper,1591,82,15,29034,BEN
100204,3_dose,reduced_coverage_upper,15197,351,63,63305,BEN
100205,3_dose,reduced_coverage_upper,12890,511,92,134062,BEN
100206,3_dose,reduced_coverage_upper,9536,345,62,77919,BEN
100207,3_dose,reduced_coverage_upper,17326,572,103,111080,BEN
100211,3_dose,reduced_coverage_upper,82406,1514,251,251869,BFA
100212,3_dose,reduced_coverage_upper,21195,472,78,94538,BFA
100213,3_dose,reduced_coverage_upper,18555,944,156,321776,BFA
100214,3_dose,reduced_coverage_upper,43996,1030,170,197357,BFA
100215,3_dose,reduced_coverage_upper,51874,1204,199,203820,BFA
100216,3_dose,reduced_coverage_upper,48645,1217,201,202849,BFA
100217,3_dose,reduced_coverage_upper,19205,549,91,113029,BFA
100218,3_dose,reduced_coverage_upper,61580,1311,217,209192,BFA
100219,3_dose,reduced_coverage_upper,56602,1539,255,258695,BFA
100220,3_dose,reduced_coverage_upper,51739,1308,216,206271,BFA
100221,3_dose,reduced_coverage_upper,22076,651,108,119427,BFA
100222,3_dose,reduced_coverage_upper,54977,1171,194,167924,BFA
100223,3_dose,reduced_coverage_upper,42039,715,118,105864,BFA
100409,3_dose,reduced_coverage_upper,341,12,2,5407,CAF
100410,3_dose,reduced_coverage_upper,2635,82,14,26275,CAF
100411,3_dose,reduced_coverage_upper,4177,93,16,31052,CAF
100412,3_dose,reduced_coverage_upper,1113,22,4,6753,CAF
100413,3_dose,reduced_coverage_upper,856,29,5,10891,CAF
100414,3_dose,reduced_coverage_upper,1809,46,8,14969,CAF
100415,3_dose,reduced_coverage_upper,3688,91,15,30691,CAF
100416,3_dose,reduced_coverage_upper,2988,98,16,45809,CAF
100417,3_dose,reduced_coverage_upper,3626,72,12,20355,CAF
100418,3_dose,reduced_coverage_upper,1282,41,7,14582,CAF
100419,3_dose,reduced_coverage_upper,1744,71,12,29285,CAF
100420,3_dose,reduced_coverage_upper,9733,241,40,93769,CAF
100421,3_dose,reduced_coverage_upper,3522,85,14,34666,CAF
100422,3_dose,reduced_coverage_upper,3335,121,20,46417,CAF
100423,3_dose,reduced_coverage_upper,3151,122,20,53760,CAF
100424,3_dose,reduced_coverage_upper,1145,37,6,12748,CAF
100425,3_dose,reduced_coverage_upper,268,12,2,6539,CAF
100512,3_dose,reduced_coverage_upper,30795,1532,282,574074,CIV
100513,3_dose,reduced_coverage_upper,7440,291,54,77946,CIV
100514,3_dose,reduced_coverage_upper,35057,853,157,171203,CIV
100515,3_dose,reduced_coverage_upper,9038,250,46,40877,CIV
100516,3_dose,reduced_coverage_upper,9045,514,95,211794,CIV
100517,3_dose,reduced_coverage_upper,16232,696,128,177360,CIV
100518,3_dose,reduced_coverage_upper,31671,1019,188,211155,CIV
100519,3_dose,reduced_coverage_upper,53563,1227,226,232844,CIV
100520,3_dose,reduced_coverage_upper,42404,1312,242,274282,CIV
100521,3_dose,reduced_coverage_upper,21533,785,145,181031,CIV
100522,3_dose,reduced_coverage_upper,33259,996,183,202412,CIV
100523,3_dose,reduced_coverage_upper,23912,429,79,85257,CIV
100524,3_dose,reduced_coverage_upper,3178,155,29,47474,CIV
100525,3_dose,reduced_coverage_upper,28944,680,125,122931,CIV
100526,3_dose,reduced_coverage_upper,14465,575,110,128488,CMR
100527,3_dose,reduced_coverage_upper,62227,2256,430,452369,CMR
100528,3_dose,reduced_coverage_upper,19399,648,124,129934,CMR
100529,3_dose,reduced_coverage_upper,10328,720,137,482366,CMR
100530,3_dose,reduced_coverage_upper,29801,1319,251,380350,CMR
100531,3_dose,reduced_coverage_upper,7850,441,84,218042,CMR
100532,3_dose,reduced_coverage_upper,21663,1038,198,315645,CMR
100533,3_dose,reduced_coverage_upper,17727,938,179,341711,CMR
100534,3_dose,reduced_coverage_upper,21078,504,96,85649,CMR
100535,3_dose,reduced_coverage_upper,27883,1011,193,216898,CMR
100536,3_dose,reduced_coverage_upper,34455,739,133,142660,COD
100537,3_dose,reduced_coverage_upper,29649,967,174,221273,COD
100538,3_dose,reduced_coverage_upper,67323,1755,316,329433,COD
100539,3_dose,reduced_coverage_upper,69290,2090,377,429231,COD
100540,3_dose,reduced_coverage_upper,239356,4981,898,923169,COD
100541,3_dose,reduced_coverage_upper,136082,3154,569,596790,COD
100542,3_dose,reduced_coverage_upper,41134,1647,297,405650,COD
100543,3_dose,reduced_coverage_upper,60447,2015,363,459273,COD
100544,3_dose,reduced_coverage_upper,27137,1279,231,411726,COD
100545,3_dose,reduced_coverage_upper,90850,3840,692,999892,COD
100546,3_dose,reduced_coverage_upper,73290,2196,396,428069,COD
100547,3_dose,reduced_coverage_upper,19603,874,158,249489,COD
100548,3_dose,reduced_coverage_upper,47775,2175,392,670504,COD
100549,3_dose,reduced_coverage_upper,80790,2007,362,360737,COD
100550,3_dose,reduced_coverage_upper,73530,1743,314,280386,COD
100551,3_dose,reduced_coverage_upper,36321,1070,193,224278,COD
100552,3_dose,reduced_coverage_upper,58945,1463,264,285579,COD
100553,3_dose,reduced_coverage_upper,22192,877,158,225207,COD
100554,3_dose,reduced_coverage_upper,39024,1899,342,628177,COD
100555,3_dose,reduced_coverage_upper,44752,937,169,161998,COD
100556,3_dose,reduced_coverage_upper,39613,1464,264,330838,COD
100557,3_dose,reduced_coverage_upper,33938,1532,276,423168,COD
100558,3_dose,reduced_coverage_upper,47125,1512,273,310052,COD
100559,3_dose,reduced_coverage_upper,74207,1666,300,298543,COD
100560,3_dose,reduced_coverage_upper,96906,2218,400,388336,COD
100561,3_dose,reduced_coverage_upper,28225,808,146,155707,COD
100562,3_dose,reduced_coverage_upper,4844,176,31,46368,COG
100563,3_dose,reduced_coverage_upper,10359,354,61,85214,COG
100564,3_dose,reduced_coverage_upper,2552,85,15,21996,COG
100565,3_dose,reduced_coverage_upper,1335,36,6,8332,COG
100566,3_dose,reduced_coverage_upper,12495,376,65,89727,COG
100567,3_dose,reduced_coverage_upper,2090,59,10,12257,COG
100568,3_dose,reduced_coverage_upper,2419,66,12,14146,COG
100569,3_dose,reduced_coverage_upper,6432,159,28,37077,COG
100570,3_dose,reduced_coverage_upper,3020,99,17,28148,COG
100571,3_dose,reduced_coverage_upper,3667,133,23,40686,COG
100572,3_dose,reduced_coverage_upper,23296,780,135,178973,COG
100573,3_dose,reduced_coverage_upper,2421,62,11,11616,COG
100935,3_dose,reduced_coverage_upper,3512,187,32,71314,GAB
100936,3_dose,reduced_coverage_upper,1198,65,11,24728,GAB
100937,3_dose,reduced_coverage_upper,368,18,3,5945,GAB
100938,3_dose,reduced_coverage_upper,702,31,5,9563,GAB
100939,3_dose,reduced_coverage_upper,297,14,2,4406,GAB
100940,3_dose,reduced_coverage_upper,444,22,4,6349,GAB
100941,3_dose,reduced_coverage_upper,333,16,3,6494,GAB
100942,3_dose,reduced_coverage_upper,505,27,5,12489,GAB
100943,3_dose,reduced_coverage_upper,904,44,8,15412,GAB
100975,3_dose,reduced_coverage_upper,92295,2747,474,479457,GHA
100976,3_dose,reduced_coverage_upper,72447,1512,261,231445,GHA
100977,3_dose,reduced_coverage_upper,98591,1559,269,212044,GHA
100978,3_dose,reduced_coverage_upper,106769,1557,269,264810,GHA
100979,3_dose,reduced_coverage_upper,36494,1572,271,338437,GHA
100980,3_dose,reduced_coverage_upper,95769,1693,292,245700,GHA
100981,3_dose,reduced_coverage_upper,17601,609,105,103478,GHA
100982,3_dose,reduced_coverage_upper,24360,535,92,67899,GHA
100983,3_dose,reduced_coverage_upper,98832,1495,258,218358,GHA
100984,3_dose,reduced_coverage_upper,91263,1476,255,227753,GHA
100985,3_dose,reduced_coverage_upper,10092,367,68,142783,GIN
100986,3_dose,reduced_coverage_upper,9707,410,76,190994,GIN
100987,3_dose,reduced_coverage_upper,23239,366,68,110686,GIN
100988,3_dose,reduced_coverage_upper,25739,560,104,205392,GIN
100989,3_dose,reduced_coverage_upper,49615,788,146,222177,GIN
100990,3_dose,reduced_coverage_upper,6765,264,49,130387,GIN
100991,3_dose,reduced_coverage_upper,17963,372,69,111881,GIN
100992,3_dose,reduced_coverage_upper,79284,1178,219,311412,GIN
101013,3_dose,reduced_coverage_upper,931,24,4,11166,GNQ
101014,3_dose,reduced_coverage_upper,909,20,3,14668,GNQ
101015,3_dose,reduced_coverage_upper,1354,35,5,23850,GNQ
101016,3_dose,reduced_coverage_upper,1175,24,4,13573,GNQ
101461,3_dose,reduced_coverage_upper,647,50,8,60559,KEN
101462,3_dose,reduced_coverage_upper,330,29,5,96436,KEN
101463,3_dose,reduced_coverage_upper,10129,538,85,202014,KEN
101464,3_dose,reduced_coverage_upper,18348,487,77,90670,KEN
101465,3_dose,reduced_coverage_upper,180,15,2,21894,KEN
101466,3_dose,reduced_coverage_upper,731,54,9,77368,KEN
101467,3_dose,reduced_coverage_upper,604,46,7,66453,KEN
101468,3_dose,reduced_coverage_upper,8123,394,63,131564,KEN
101469,3_dose,reduced_coverage_upper,161,13,2,17407,KEN
101470,3_dose,reduced_coverage_upper,352,28,4,57621,KEN
101471,3_dose,reduced_coverage_upper,14018,681,108,198703,KEN
101472,3_dose,reduced_coverage_upper,97,9,1,94201,KEN
101473,3_dose,reduced_coverage_upper,881,69,11,101021,KEN
101474,3_dose,reduced_coverage_upper,7168,392,62,140884,KEN
101475,3_dose,reduced_coverage_upper,845,64,10,80963,KEN
101476,3_dose,reduced_coverage_upper,2578,178,28,166866,KEN
101477,3_dose,reduced_coverage_upper,9067,435,69,149847,KEN
101478,3_dose,reduced_coverage_upper,1026,83,13,141344,KEN
101479,3_dose,reduced_coverage_upper,7554,307,49,90750,KEN
101480,3_dose,reduced_coverage_upper,198,16,2,28052,KEN
101481,3_dose,reduced_coverage_upper,159,12,2,12723,KEN
101482,3_dose,reduced_coverage_upper,993,80,13,159053,KEN
101483,3_dose,reduced_coverage_upper,813,62,10,134026,KEN
101484,3_dose,reduced_coverage_upper,485,37,6,44326,KEN
101485,3_dose,reduced_coverage_upper,344,26,4,31084,KEN
101486,3_dose,reduced_coverage_upper,2612,191,30,176335,KEN
101487,3_dose,reduced_coverage_upper,6059,308,49,122310,KEN
101488,3_dose,reduced_coverage_upper,3392,199,32,121878,KEN
101489,3_dose,reduced_coverage_upper,887,72,11,140448,KEN
101490,3_dose,reduced_coverage_upper,20,2,0,3299,KEN
101491,3_dose,reduced_coverage_upper,500,44,7,132821,KEN
101492,3_dose,reduced_coverage_upper,1520,106,17,98113,KEN
101493,3_dose,reduced_coverage_upper,177,15,2,68997,KEN
101494,3_dose,reduced_coverage_upper,802,62,10,81420,KEN
101495,3_dose,reduced_coverage_upper,-0,-0,-0,1385,KEN
101496,3_dose,reduced_coverage_upper,187,16,2,73562,KEN
101497,3_dose,reduced_coverage_upper,228,16,3,18444,KEN
101498,3_dose,reduced_coverage_upper,22249,642,102,128491,KEN
101499,3_dose,reduced_coverage_upper,656,45,7,43453,KEN
101500,3_dose,reduced_coverage_upper,537,39,6,33932,KEN
101501,3_dose,reduced_coverage_upper,531,39,6,51148,KEN
101502,3_dose,reduced_coverage_upper,1186,87,14,98630,KEN
101503,3_dose,reduced_coverage_upper,4407,219,35,74861,KEN
101504,3_dose,reduced_coverage_upper,549,46,7,87299,KEN
101505,3_dose,reduced_coverage_upper,7972,310,49,85162,KEN
101506,3_dose,reduced_coverage_upper,305,23,4,54182,KEN
101507,3_dose,reduced_coverage_upper,2138,113,18,47606,KEN
101605,3_dose,reduced_coverage_upper,2206,77,13,16681,LBR
101606,3_dose,reduced_coverage_upper,5596,208,34,48017,LBR
101607,3_dose,reduced_coverage_upper,2257,67,11,12235,LBR
101608,3_dose,reduced_coverage_upper,3527,94,16,17571,LBR
101609,3_dose,reduced_coverage_upper,2673,111,18,29951,LBR
101610,3_dose,reduced_coverage_upper,1829,74,12,18571,LBR
101611,3_dose,reduced_coverage_upper,1587,46,8,8636,LBR
101612,3_dose,reduced_coverage_upper,6035,216,35,41240,LBR
101613,3_dose,reduced_coverage_upper,4641,175,29,40133,LBR
101614,3_dose,reduced_coverage_upper,2007,75,12,17938,LBR
101615,3_dose,reduced_coverage_upper,7414,379,62,145351,LBR
101616,3_dose,reduced_coverage_upper,6381,258,42,70710,LBR
101617,3_dose,reduced_coverage_upper,1217,48,8,10137,LBR
101618,3_dose,reduced_coverage_upper,2281,70,11,11774,LBR
101619,3_dose,reduced_coverage_upper,1994,67,11,14108,LBR
101893,3_dose,reduced_coverage_upper,4250,283,53,353169,MLI
101894,3_dose,reduced_coverage_upper,6366,260,49,89098,MLI
101895,3_dose,reduced_coverage_upper,54346,1831,343,417008,MLI
101896,3_dose,reduced_coverage_upper,481,23,4,8667,MLI
101897,3_dose,reduced_coverage_upper,43711,1670,313,535657,MLI
101898,3_dose,reduced_coverage_upper,82882,1978,370,433117,MLI
101899,3_dose,reduced_coverage_upper,71944,2210,414,494354,MLI
101900,3_dose,reduced_coverage_upper,109715,2441,457,552652,MLI
101901,3_dose,reduced_coverage_upper,21701,498,93,121520,MLI
101969,3_dose,reduced_coverage_upper,50971,1390,228,269774,MOZ
101970,3_dose,reduced_coverage_upper,10059,510,84,170341,MOZ
101971,3_dose,reduced_coverage_upper,22073,911,150,218240,MOZ
101972,3_dose,reduced_coverage_upper,25973,1091,179,269799,MOZ
101973,3_dose,reduced_coverage_upper,4645,263,43,124325,MOZ
101974,3_dose,reduced_coverage_upper,5920,398,66,295084,MOZ
101975,3_dose,reduced_coverage_upper,252756,4079,671,700485,MOZ
101976,3_dose,reduced_coverage_upper,42965,1280,210,229048,MOZ
101977,3_dose,reduced_coverage_upper,37553,1313,216,276288,MOZ
101978,3_dose,reduced_coverage_upper,51510,1726,284,350034,MOZ
101979,3_dose,reduced_coverage_upper,226085,3957,651,684316,MOZ
102012,3_dose,reduced_coverage_upper,11229,346,56,59333,MWI
102013,3_dose,reduced_coverage_upper,14655,668,108,179143,MWI
102014,3_dose,reduced_coverage_upper,11245,388,63,77929,MWI
102015,3_dose,reduced_coverage_upper,3117,157,25,48664,MWI
102016,3_dose,reduced_coverage_upper,5668,185,30,31260,MWI
102017,3_dose,reduced_coverage_upper,15980,570,93,110935,MWI
102018,3_dose,reduced_coverage_upper,14913,514,83,97396,MWI
102019,3_dose,reduced_coverage_upper,8863,289,47,50465,MWI
102020,3_dose,reduced_coverage_upper,20874,628,102,111927,MWI
102021,3_dose,reduced_coverage_upper,3,0,0,27,MWI
102022,3_dose,reduced_coverage_upper,39956,1628,264,346107,MWI
102023,3_dose,reduced_coverage_upper,17310,531,86,86224,MWI
102024,3_dose,reduced_coverage_upper,27896,878,142,145707,MWI
102025,3_dose,reduced_coverage_upper,10357,399,65,80094,MWI
102026,3_dose,reduced_coverage_upper,9897,407,66,92876,MWI
102027,3_dose,reduced_coverage_upper,2555,84,14,16216,MWI
102028,3_dose,reduced_coverage_upper,27225,878,142,151718,MWI
102029,3_dose,reduced_coverage_upper,3018,104,17,19063,MWI
102030,3_dose,reduced_coverage_upper,6734,220,36,42643,MWI
102031,3_dose,reduced_coverage_upper,11294,328,53,57568,MWI
102032,3_dose,reduced_coverage_upper,6707,223,36,39297,MWI
102033,3_dose,reduced_coverage_upper,14862,444,72,81897,MWI
102034,3_dose,reduced_coverage_upper,6026,209,34,39972,MWI
102035,3_dose,reduced_coverage_upper,5186,219,36,55912,MWI
102036,3_dose,reduced_coverage_upper,5314,175,28,31881,MWI
102037,3_dose,reduced_coverage_upper,8786,313,51,62194,MWI
102038,3_dose,reduced_coverage_upper,11368,463,75,103501,MWI
102039,3_dose,reduced_coverage_upper,11035,471,76,120833,MWI
102076,3_dose,reduced_coverage_upper,128,11,2,18912,NAM
102089,3_dose,reduced_coverage_upper,4925,268,45,101384,NER
102090,3_dose,reduced_coverage_upper,7130,333,57,108011,NER
102091,3_dose,reduced_coverage_upper,156354,3616,614,572263,NER
102092,3_dose,reduced_coverage_upper,128826,4451,755,872216,NER
102093,3_dose,reduced_coverage_upper,33553,1408,239,335086,NER
102094,3_dose,reduced_coverage_upper,134332,3907,663,705548,NER
102095,3_dose,reduced_coverage_upper,81066,2906,493,687473,NER
102096,3_dose,reduced_coverage_upper,73357,3118,529,745377,NER
102097,3_dose,reduced_coverage_upper,16468,816,133,543933,NGA
102098,3_dose,reduced_coverage_upper,81517,1329,216,529414,NGA
102099,3_dose,reduced_coverage_upper,27349,1262,205,705073,NGA
102100,3_dose,reduced_coverage_upper,10678,655,107,776953,NGA
102101,3_dose,reduced_coverage_upper,57137,1970,320,856579,NGA
102102,3_dose,reduced_coverage_upper,18507,682,111,288455,NGA
102103,3_dose,reduced_coverage_upper,73720,1997,324,780048,NGA
102104,3_dose,reduced_coverage_upper,45270,1556,253,768014,NGA
102105,3_dose,reduced_coverage_upper,53941,1505,245,538951,NGA
102106,3_dose,reduced_coverage_upper,20455,1087,177,726178,NGA
102107,3_dose,reduced_coverage_upper,30251,858,139,378853,NGA
102108,3_dose,reduced_coverage_upper,36575,1373,223,616999,NGA
102109,3_dose,reduced_coverage_upper,44734,1122,182,410039,NGA
102110,3_dose,reduced_coverage_upper,12487,662,108,598379,NGA
102111,3_dose,reduced_coverage_upper,13094,487,79,230147,NGA
102112,3_dose,reduced_coverage_upper,59871,1254,204,442245,NGA
102113,3_dose,reduced_coverage_upper,15943,917,149,697729,NGA
102114,3_dose,reduced_coverage_upper,69880,2170,353,829211,NGA
102115,3_dose,reduced_coverage_upper,175994,3791,616,1128605,NGA
102116,3_dose,reduced_coverage_upper,130200,4581,745,1748385,NGA
102117,3_dose,reduced_coverage_upper,119826,3167,515,1065523,NGA
102118,3_dose,reduced_coverage_upper,135465,1835,298,605579,NGA
102119,3_dose,reduced_coverage_upper,25624,1144,186,615543,NGA
102120,3_dose,reduced_coverage_upper,61159,1309,213,461682,NGA
102121,3_dose,reduced_coverage_upper,23206,1411,229,1813386,NGA
102122,3_dose,reduced_coverage_upper,42207,959,156,352116,NGA
102123,3_dose,reduced_coverage_upper,85789,1696,276,712204,NGA
102124,3_dose,reduced_coverage_upper,45075,1524,248,670160,NGA
102125,3_dose,reduced_coverage_upper,52109,1212,197,573009,NGA
102126,3_dose,reduced_coverage_upper,82684,2142,348,722889,NGA
102127,3_dose,reduced_coverage_upper,129518,2917,474,1060077,NGA
102128,3_dose,reduced_coverage_upper,70770,1658,269,593633,NGA
102129,3_dose,reduced_coverage_upper,10339,600,98,805734,NGA
102130,3_dose,reduced_coverage_upper,134431,1758,286,661067,NGA
102131,3_dose,reduced_coverage_upper,73738,1228,200,427040,NGA
102132,3_dose,reduced_coverage_upper,31777,996,162,428632,NGA
102133,3_dose,reduced_coverage_upper,152722,2368,385,599648,NGA
102759,3_dose,reduced_coverage_upper,48496,991,156,162917,SLE
102760,3_dose,reduced_coverage_upper,70948,1425,225,223983,SLE
102761,3_dose,reduced_coverage_upper,35887,836,132,142668,SLE
102762,3_dose,reduced_coverage_upper,9026,389,61,106253,SLE
102831,3_dose,reduced_coverage_upper,6439,271,52,191066,SSD
102832,3_dose,reduced_coverage_upper,5294,178,34,144493,SSD
102833,3_dose,reduced_coverage_upper,4169,219,42,241578,SSD
102834,3_dose,reduced_coverage_upper,2336,94,18,123160,SSD
102835,3_dose,reduced_coverage_upper,2347,125,24,149761,SSD
102836,3_dose,reduced_coverage_upper,1048,63,12,104924,SSD
102837,3_dose,reduced_coverage_upper,2761,157,30,176762,SSD
102838,3_dose,reduced_coverage_upper,1662,99,19,148748,SSD
102839,3_dose,reduced_coverage_upper,792,36,7,44236,SSD
102840,3_dose,reduced_coverage_upper,4435,161,31,110488,SSD
102944,3_dose,reduced_coverage_upper,988,53,10,42302,TCD
102945,3_dose,reduced_coverage_upper,1997,126,25,94032,TCD
102946,3_dose,reduced_coverage_upper,20,1,0,870,TCD
102947,3_dose,reduced_coverage_upper,3636,161,31,125894,TCD
102948,3_dose,reduced_coverage_upper,143,8,2,6631,TCD
102949,3_dose,reduced_coverage_upper,29,2,0,2018,TCD
102950,3_dose,reduced_coverage_upper,2368,133,26,107490,TCD
102951,3_dose,reduced_coverage_upper,3279,160,31,111441,TCD
102952,3_dose,reduced_coverage_upper,1847,83,16,54690,TCD
102953,3_dose,reduced_coverage_upper,2797,143,28,86719,TCD
102954,3_dose,reduced_coverage_upper,2128,114,22,94633,TCD
102955,3_dose,reduced_coverage_upper,6465,324,63,191366,TCD
102956,3_dose,reduced_coverage_upper,5709,242,47,121900,TCD
102957,3_dose,reduced_coverage_upper,3734,198,39,142521,TCD
102958,3_dose,reduced_coverage_upper,3224,164,32,107787,TCD
102959,3_dose,reduced_coverage_upper,5382,226,44,114414,TCD
102960,3_dose,reduced_coverage_upper,1768,120,23,142543,TCD
102961,3_dose,reduced_coverage_upper,3022,127,25,59344,TCD
102962,3_dose,reduced_coverage_upper,1590,85,16,63098,TCD
102963,3_dose,reduced_coverage_upper,3335,188,37,131532,TCD
102964,3_dose,reduced_coverage_upper,0,0,0,6,TCD
102965,3_dose,reduced_coverage_upper,7479,307,60,169356,TCD
102966,3_dose,reduced_coverage_upper,1602,104,20,96564,TCD
102967,3_dose,reduced_coverage_upper,22302,462,84,81344,TGO
102968,3_dose,reduced_coverage_upper,26243,667,121,103203,TGO
102969,3_dose,reduced_coverage_upper,81437,2121,385,335234,TGO
102970,3_dose,reduced_coverage_upper,58368,1205,219,182266,TGO
102971,3_dose,reduced_coverage_upper,17467,572,104,110524,TGO
103217,3_dose,reduced_coverage_upper,7938,535,78,269531,TZA
103218,3_dose,reduced_coverage_upper,21941,1266,184,489445,TZA
103219,3_dose,reduced_coverage_upper,16105,981,143,352745,TZA
103220,3_dose,reduced_coverage_upper,32165,1282,186,264828,TZA
103221,3_dose,reduced_coverage_upper,7560,434,63,151355,TZA
103222,3_dose,reduced_coverage_upper,25887,1304,189,413462,TZA
103223,3_dose,reduced_coverage_upper,7384,343,50,95114,TZA
103224,3_dose,reduced_coverage_upper,27046,1222,177,309228,TZA
103225,3_dose,reduced_coverage_upper,5948,427,62,258065,TZA
103226,3_dose,reduced_coverage_upper,16352,665,97,152018,TZA
103227,3_dose,reduced_coverage_upper,9193,571,83,245291,TZA
103228,3_dose,reduced_coverage_upper,9384,571,83,316819,TZA
103229,3_dose,reduced_coverage_upper,28811,1527,222,442558,TZA
103230,3_dose,reduced_coverage_upper,28796,1291,187,355315,TZA
103231,3_dose,reduced_coverage_upper,19766,933,135,217794,TZA
103232,3_dose,reduced_coverage_upper,27144,1370,199,431727,TZA
103233,3_dose,reduced_coverage_upper,5055,284,41,95237,TZA
103234,3_dose,reduced_coverage_upper,1569,99,14,45824,TZA
103235,3_dose,reduced_coverage_upper,1614,101,15,46926,TZA
103236,3_dose,reduced_coverage_upper,14782,721,105,181683,TZA
103237,3_dose,reduced_coverage_upper,7750,457,66,167464,TZA
103238,3_dose,reduced_coverage_upper,19539,910,132,225778,TZA
103239,3_dose,reduced_coverage_upper,19113,969,141,290555,TZA
103240,3_dose,reduced_coverage_upper,14020,811,118,296817,TZA
103241,3_dose,reduced_coverage_upper,8765,531,77,229536,TZA
103242,3_dose,reduced_coverage_upper,25381,1329,193,405941,TZA
103243,3_dose,reduced_coverage_upper,14739,854,124,316898,TZA
103244,3_dose,reduced_coverage_upper,946,59,9,26388,TZA
103245,3_dose,reduced_coverage_upper,908,51,7,17560,TZA
103246,3_dose,reduced_coverage_upper,992,66,10,38353,TZA
103247,3_dose,reduced_coverage_upper,4386,188,29,46442,UGA
103248,3_dose,reduced_coverage_upper,26974,807,126,159806,UGA
103249,3_dose,reduced_coverage_upper,15416,694,108,199303,UGA
103250,3_dose,reduced_coverage_upper,11087,319,50,62572,UGA
103251,3_dose,reduced_coverage_upper,2804,148,23,49652,UGA
103252,3_dose,reduced_coverage_upper,8803,499,78,182200,UGA
103253,3_dose,reduced_coverage_upper,6029,177,27,36836,UGA
103254,3_dose,reduced_coverage_upper,20458,645,100,117499,UGA
103255,3_dose,reduced_coverage_upper,8372,316,49,84332,UGA
103256,3_dose,reduced_coverage_upper,34603,936,146,175859,UGA
103257,3_dose,reduced_coverage_upper,18237,532,83,99516,UGA
103258,3_dose,reduced_coverage_upper,126,9,1,7043,UGA
103259,3_dose,reduced_coverage_upper,5153,258,40,83859,UGA
103260,3_dose,reduced_coverage_upper,6563,171,27,34042,UGA
103261,3_dose,reduced_coverage_upper,255,13,2,5396,UGA
103262,3_dose,reduced_coverage_upper,4351,311,48,302371,UGA
103263,3_dose,reduced_coverage_upper,35365,916,143,177793,UGA
103264,3_dose,reduced_coverage_upper,4438,215,33,67971,UGA
103265,3_dose,reduced_coverage_upper,1686,100,16,49824,UGA
103266,3_dose,reduced_coverage_upper,1923,108,17,41556,UGA
103267,3_dose,reduced_coverage_upper,3722,229,36,123216,UGA
103268,3_dose,reduced_coverage_upper,18449,418,65,74635,UGA
103269,3_dose,reduced_coverage_upper,13747,418,65,73725,UGA
103270,3_dose,reduced_coverage_upper,9459,393,61,101976,UGA
103271,3_dose,reduced_coverage_upper,3274,168,26,56323,UGA
103272,3_dose,reduced_coverage_upper,204,14,2,7105,UGA
103273,3_dose,reduced_coverage_upper,11420,373,58,69658,UGA
103274,3_dose,reduced_coverage_upper,35593,804,125,147150,UGA
103275,3_dose,reduced_coverage_upper,19195,562,87,99177,UGA
103276,3_dose,reduced_coverage_upper,7852,333,52,92354,UGA
103279,3_dose,reduced_coverage_upper,28395,758,118,160388,UGA
103280,3_dose,reduced_coverage_upper,11032,445,69,119661,UGA
103281,3_dose,reduced_coverage_upper,14074,620,96,195175,UGA
103282,3_dose,reduced_coverage_upper,16503,556,87,112313,UGA
103283,3_dose,reduced_coverage_upper,8188,241,38,47014,UGA
103284,3_dose,reduced_coverage_upper,9946,518,81,180132,UGA
103285,3_dose,reduced_coverage_upper,14972,779,121,260516,UGA
103286,3_dose,reduced_coverage_upper,10369,233,36,45794,UGA
103287,3_dose,reduced_coverage_upper,2451,131,20,48753,UGA
103288,3_dose,reduced_coverage_upper,5582,285,44,101211,UGA
103289,3_dose,reduced_coverage_upper,11133,545,85,171463,UGA
103290,3_dose,reduced_coverage_upper,19325,813,127,195716,UGA
103291,3_dose,reduced_coverage_upper,7837,216,34,38594,UGA
103292,3_dose,reduced_coverage_upper,4004,137,21,31992,UGA
103293,3_dose,reduced_coverage_upper,17588,514,80,98194,UGA
103294,3_dose,reduced_coverage_upper,3151,192,30,96222,UGA
103295,3_dose,reduced_coverage_upper,14712,453,70,81856,UGA
103296,3_dose,reduced_coverage_upper,23803,665,104,129575,UGA
103297,3_dose,reduced_coverage_upper,9635,375,58,115063,UGA
103298,3_dose,reduced_coverage_upper,2969,163,25,62493,UGA
103299,3_dose,reduced_coverage_upper,4563,185,29,44873,UGA
103300,3_dose,reduced_coverage_upper,3862,187,29,58499,UGA
103301,3_dose,reduced_coverage_upper,15436,464,72,91600,UGA
103302,3_dose,reduced_coverage_upper,24605,712,111,133161,UGA
103303,3_dose,reduced_coverage_upper,7940,486,76,252871,UGA
103304,3_dose,reduced_coverage_upper,5196,236,37,64006,UGA
103591,3_dose,reduced_coverage_upper,30738,1303,199,275514,ZMB
103592,3_dose,reduced_coverage_upper,49330,1857,283,393359,ZMB
103593,3_dose,reduced_coverage_upper,46920,1675,255,320518,ZMB
103594,3_dose,reduced_coverage_upper,65754,1343,205,193778,ZMB
103595,3_dose,reduced_coverage_upper,11148,732,112,417297,ZMB
103596,3_dose,reduced_coverage_upper,49292,1015,155,147367,ZMB
103597,3_dose,reduced_coverage_upper,36737,940,143,139946,ZMB
103598,3_dose,reduced_coverage_upper,53279,1387,211,223217,ZMB
103599,3_dose,reduced_coverage_upper,5278,400,61,320326,ZMB
103600,3_dose,reduced_coverage_upper,26240,962,147,176296,ZMB
